## htsjdk.samtools.metrics.StringHeader
# CollectInsertSizeMetrics --Histogram_FILE /dev/null --MINIMUM_PCT 0.0 --INCLUDE_DUPLICATES true --INPUT 260629_Emseq_LV_index_E1_Bap1_Math1_adult_ctrl_M1_S1.good_mapq --OUTPUT 260629_Emseq_LV_index_E1_Bap1_Math1_adult_ctrl_M1_S1.good_mapq.insert_size_metrics.txt --VALIDATION_STRINGENCY SILENT --DEVIATIONS 10.0 --METRIC_ACCUMULATION_LEVEL ALL_READS --ASSUME_SORTED true --STOP_AFTER 0 --VERBOSITY INFO --QUIET false --COMPRESSION_LEVEL 5 --MAX_RECORDS_IN_RAM 500000 --CREATE_INDEX false --CREATE_MD5_FILE false --help false --version false --showHidden false --USE_JDK_DEFLATER false --USE_JDK_INFLATER false
## htsjdk.samtools.metrics.StringHeader
# Started on: Wed Jul 29 16:31:04 PDT 2026

## METRICS CLASS	picard.analysis.InsertSizeMetrics
MEDIAN_INSERT_SIZE	MODE_INSERT_SIZE	MEDIAN_ABSOLUTE_DEVIATION	MIN_INSERT_SIZE	MAX_INSERT_SIZE	MEAN_INSERT_SIZE	STANDARD_DEVIATION	READ_PAIRS	PAIR_ORIENTATION	WIDTH_OF_10_PERCENT	WIDTH_OF_20_PERCENT	WIDTH_OF_30_PERCENT	WIDTH_OF_40_PERCENT	WIDTH_OF_50_PERCENT	WIDTH_OF_60_PERCENT	WIDTH_OF_70_PERCENT	WIDTH_OF_80_PERCENT	WIDTH_OF_90_PERCENT	WIDTH_OF_95_PERCENT	WIDTH_OF_99_PERCENT	SAMPLE	LIBRARY	READ_GROUP
204	185	43	2	181145812	216.324138	73.238093	446327631	FR	17	33	49	67	87	107	133	167	227	307	499			
19626191	16038	19610143	2	181298363	31969334.627954	36447316.499811	7405	RF	10726991	22151921	32448727	39024971	39220287	39247439	49355743	84973185	136516705	172979951	237133451			
40959301	1033894	26724490	1033894	126600707	47941950.733333	36163979.10533	105	TANDEM	5056331	13726999	30528567	40635367	53448981	67265421	74160211	86327511	128982861	146984423	159147801			

## HISTOGRAM	java.lang.Integer
insert_size	All_Reads.fr_count	All_Reads.rf_count	All_Reads.tandem_count
2	3418	3	0
3	3664	1	0
4	3622	1	0
5	3845	2	0
6	4004	1	0
7	4123	1	0
8	4035	0	0
9	4405	0	0
10	4412	3	0
11	4511	2	0
12	4535	2	0
13	4615	0	0
14	4787	1	0
15	4899	1	0
16	5374	0	0
17	5481	0	0
18	5429	3	0
19	5656	0	0
20	5754	0	0
21	5974	0	0
22	6444	5	0
23	6770	0	0
24	7100	0	0
25	7335	0	0
26	7816	0	0
27	7972	1	0
28	8235	2	0
29	8087	3	0
30	8483	3	0
31	8369	3	0
32	8452	1	0
33	8181	4	0
34	8510	0	0
35	8622	0	0
36	8598	2	0
37	8503	3	0
38	3784	1	0
39	3223	1	0
40	3205	1	0
41	3365	2	0
42	3747	0	0
43	4039	0	0
44	4028	1	0
45	4463	3	0
46	4666	0	0
47	5202	0	0
48	5231	2	0
49	5284	0	0
50	5772	0	0
51	6316	2	0
52	6534	0	0
53	6842	2	0
54	7577	0	0
55	8044	0	0
56	8700	0	0
57	8862	1	0
58	10181	0	0
59	10699	0	0
60	11422	5	0
61	12210	0	0
62	13206	2	0
63	14247	2	0
64	15662	1	0
65	17084	0	0
66	18804	0	0
67	21015	1	0
68	23375	0	0
69	25982	0	0
70	28634	1	0
71	31706	0	0
72	36028	1	0
73	40664	0	0
74	45196	0	0
75	51160	0	0
76	56968	1	0
77	63067	1	0
78	70756	0	0
79	78594	0	0
80	88352	0	0
81	97061	2	0
82	107471	2	0
83	117937	1	0
84	130128	4	0
85	142802	1	0
86	156069	0	0
87	169904	8	0
88	185259	1	0
89	201612	0	0
90	218616	0	0
91	237545	0	0
92	254568	0	0
93	274553	0	0
94	294338	0	0
95	314187	0	0
96	336324	0	0
97	357287	0	0
98	380355	0	0
99	404353	2	0
100	430096	0	0
101	454672	0	0
102	481825	0	0
103	507982	0	0
104	537303	1	0
105	564494	0	0
106	593557	0	0
107	621941	2	0
108	653878	0	0
109	687203	0	0
110	719242	1	0
111	751835	0	0
112	784984	0	0
113	821475	1	0
114	855366	0	0
115	891777	1	0
116	929388	0	0
117	964689	0	0
118	1001762	0	0
119	1041612	0	0
120	1079849	0	0
121	1121104	0	0
122	1163264	0	0
123	1206022	0	0
124	1244297	0	0
125	1287594	0	0
126	1327535	0	0
127	1369910	0	0
128	1414374	0	0
129	1453681	1	0
130	1498828	1	0
131	1543329	0	0
132	1588890	0	0
133	1630573	0	0
134	1675156	1	0
135	1719519	0	0
136	1764607	0	0
137	1806281	0	0
138	1850431	0	0
139	1896237	1	0
140	1936026	0	0
141	1978878	1	0
142	2028046	0	0
143	2072297	1	0
144	2112436	0	0
145	2151482	2	0
146	2193235	0	0
147	2231403	0	0
148	2274456	0	0
149	2312195	0	0
150	2350441	0	0
151	2390379	0	0
152	2424430	0	0
153	2458239	0	0
154	2484416	0	0
155	2512755	0	0
156	2541022	0	0
157	2568957	0	0
158	2596901	0	0
159	2625657	0	0
160	2649541	0	0
161	2674544	0	0
162	2697272	0	0
163	2725693	0	0
164	2747885	0	0
165	2769651	0	0
166	2789043	1	0
167	2811564	0	0
168	2829532	0	0
169	2844775	0	0
170	2856500	0	0
171	2876101	0	0
172	2887525	0	0
173	2904884	0	0
174	2916442	0	0
175	2925124	0	0
176	2938532	0	0
177	2945204	1	0
178	2957068	3	0
179	2962778	0	0
180	2967662	0	0
181	2975910	0	0
182	2974626	1	0
183	2978512	0	0
184	2978357	1	0
185	2983698	0	0
186	2980634	0	0
187	2980732	0	0
188	2974500	1	0
189	2972942	2	0
190	2969902	0	0
191	2965790	1	0
192	2957314	0	0
193	2952691	0	0
194	2941838	1	0
195	2932309	0	0
196	2924825	2	0
197	2910411	0	0
198	2895919	0	0
199	2884993	0	0
200	2875827	0	0
201	2858454	0	0
202	2839767	0	0
203	2823426	0	0
204	2809530	0	0
205	2791437	0	0
206	2772310	3	0
207	2756743	1	0
208	2735259	0	0
209	2717767	0	0
210	2692966	0	0
211	2672801	0	0
212	2650699	0	0
213	2630450	0	0
214	2606218	0	0
215	2587211	0	0
216	2563091	1	0
217	2542093	0	0
218	2517821	0	0
219	2495517	0	0
220	2467609	0	0
221	2445632	0	0
222	2423505	0	0
223	2397983	0	0
224	2375770	0	0
225	2345609	0	0
226	2326625	0	0
227	2301991	0	0
228	2271230	1	0
229	2250981	3	0
230	2224656	1	0
231	2203231	0	0
232	2175934	0	0
233	2154099	0	0
234	2128628	3	0
235	2099858	0	0
236	2064276	1	0
237	2043428	0	0
238	2017164	0	0
239	1991874	1	0
240	1971082	0	0
241	1944956	3	0
242	1919752	1	0
243	1896013	0	0
244	1869904	3	0
245	1851181	1	0
246	1825227	3	0
247	1799856	0	0
248	1779762	0	0
249	1754123	0	0
250	1728956	0	0
251	1708608	0	0
252	1684435	0	0
253	1662051	0	0
254	1640390	0	0
255	1612169	0	0
256	1592009	0	0
257	1573020	0	0
258	1550500	0	0
259	1526365	0	0
260	1509306	0	0
261	1487780	0	0
262	1464779	0	0
263	1445175	2	0
264	1427450	0	0
265	1402744	1	0
266	1384201	0	0
267	1367383	0	0
268	1344442	0	0
269	1327079	0	0
270	1307256	1	0
271	1290470	0	0
272	1256609	0	0
273	1240679	1	0
274	1221642	1	0
275	1206694	0	0
276	1190027	1	0
277	1171984	2	0
278	1157529	0	0
279	1141801	0	0
280	1123199	0	0
281	1111006	0	0
282	1095290	4	0
283	1079778	0	0
284	1062460	0	0
285	1051127	0	0
286	1034536	0	0
287	1019851	0	0
288	1004814	0	0
289	989028	0	0
290	976049	0	0
291	964569	0	0
292	952831	0	0
293	937345	0	0
294	923939	0	0
295	909937	2	0
296	896730	0	0
297	884996	0	0
298	871183	0	0
299	858105	1	0
300	847375	2	0
301	834078	0	0
302	823757	0	0
303	815140	0	0
304	799742	0	0
305	790163	0	0
306	779359	0	0
307	765085	0	0
308	753550	0	0
309	743784	0	0
310	732111	0	0
311	725015	0	0
312	713876	1	0
313	703743	0	0
314	693812	0	0
315	684971	2	0
316	674703	0	0
317	662356	0	0
318	654039	0	0
319	642759	2	0
320	633911	0	0
321	625196	0	0
322	618639	2	0
323	605922	1	0
324	600761	0	0
325	590544	0	0
326	582962	1	0
327	573186	0	0
328	566530	0	0
329	555721	0	0
330	547378	0	0
331	535748	0	0
332	530407	0	0
333	522088	0	0
334	512587	1	0
335	507571	0	0
336	500255	0	0
337	491474	0	0
338	483721	1	0
339	476770	0	0
340	469052	0	0
341	463343	0	0
342	455263	1	0
343	447519	1	0
344	443187	0	0
345	436136	0	0
346	428178	1	0
347	421550	0	0
348	414679	2	0
349	409581	2	0
350	407509	1	0
351	397636	1	0
352	392301	0	0
353	384504	0	0
354	379531	0	0
355	370753	0	0
356	365483	0	0
357	360207	1	0
358	356623	0	0
359	348891	0	0
360	344735	0	0
361	341078	0	0
362	333152	0	0
363	329605	0	0
364	323233	1	0
365	318461	0	0
366	311621	0	0
367	307207	0	0
368	303392	0	0
369	298947	0	0
370	293184	0	0
371	287681	3	0
372	283956	3	0
373	277907	0	0
374	272552	0	0
375	271337	0	0
376	265638	1	0
377	262793	0	0
378	260059	0	0
379	254046	0	0
380	249914	0	0
381	246903	0	0
382	241835	0	0
383	238793	0	0
384	233349	2	0
385	231368	0	0
386	226377	0	0
387	223199	1	0
388	218586	0	0
389	215310	1	0
390	211447	0	0
391	209483	1	0
392	205056	0	0
393	201573	0	0
394	198931	0	0
395	195562	0	0
396	191481	0	0
397	189468	0	0
398	185633	1	0
399	183908	1	0
400	180411	0	0
401	176580	0	0
402	173592	0	0
403	170283	0	0
404	168858	0	0
405	163470	2	0
406	161867	1	0
407	159892	0	0
408	157804	0	0
409	155964	1	0
410	152668	1	0
411	149858	0	0
412	147261	1	0
413	143718	0	0
414	142161	0	0
415	139700	0	0
416	136685	0	0
417	134254	0	0
418	132798	0	0
419	130316	0	0
420	126947	0	0
421	128152	2	0
422	123826	0	0
423	121855	1	0
424	121376	1	0
425	119419	0	0
426	116815	0	0
427	114002	0	0
428	113042	0	0
429	112172	0	0
430	108294	0	0
431	107986	2	0
432	105240	0	0
433	103656	0	0
434	102077	1	0
435	101997	0	0
436	98591	0	0
437	96850	1	0
438	95480	0	0
439	94282	0	0
440	93826	0	0
441	91540	0	0
442	90282	1	0
443	88856	0	0
444	86732	0	0
445	85358	0	0
446	84158	0	0
447	83207	0	0
448	81700	0	0
449	79838	0	0
450	78804	0	0
451	78141	0	0
452	75790	0	0
453	75330	0	0
454	73810	0	0
455	73309	0	0
456	71725	0	0
457	70015	1	0
458	69765	0	0
459	69095	0	0
460	67065	0	0
461	66483	0	0
462	64861	0	0
463	64088	0	0
464	63791	0	0
465	62331	0	0
466	61397	1	0
467	61468	2	0
468	60005	1	0
469	59544	0	0
470	57916	0	0
471	56753	0	0
472	54813	0	0
473	54475	0	0
474	53807	1	0
475	54285	0	0
476	52978	0	0
477	52216	0	0
478	51380	0	0
479	50303	0	0
480	49789	0	0
481	49354	0	0
482	48346	0	0
483	48319	0	0
484	46854	0	0
485	46646	0	0
486	45042	0	0
487	44127	0	0
488	43649	0	0
489	42203	0	0
490	42290	0	0
491	41777	0	0
492	40784	4	0
493	39489	0	0
494	40432	0	0
495	38649	0	0
496	38115	0	0
497	37144	0	0
498	37352	1	0
499	36515	0	0
500	35260	0	0
501	35954	0	0
502	34687	0	0
503	34078	0	0
504	34344	0	0
505	32790	0	0
506	32947	0	0
507	31998	0	0
508	31439	0	0
509	31024	0	0
510	29992	0	0
511	30081	0	0
512	28666	0	0
513	29181	0	0
514	27550	0	0
515	27209	0	0
516	27524	0	0
517	27451	0	0
518	26245	0	0
519	25590	0	0
520	25627	0	0
521	25479	0	0
522	24316	0	0
523	23299	1	0
524	23659	0	0
525	24186	0	0
526	22200	0	0
527	21954	0	0
528	21140	0	0
529	20908	0	0
530	20373	0	0
531	19328	1	0
532	19877	0	0
533	19072	0	0
534	18512	0	0
535	18001	0	0
536	18019	0	0
537	18036	0	0
538	17663	0	0
539	17662	0	0
540	16057	0	0
541	15959	0	0
542	16047	0	0
543	15505	0	0
544	15412	0	0
545	15042	0	0
546	14528	0	0
547	14039	0	0
548	14340	1	0
549	14012	0	0
550	13496	0	0
551	13188	0	0
552	13530	0	0
553	13313	0	0
554	12739	1	0
555	12567	0	0
556	12637	0	0
557	12025	0	0
558	12095	2	0
559	11782	0	0
560	11499	0	0
561	11448	0	0
562	11494	1	0
563	11172	0	0
564	10690	0	0
565	10928	0	0
566	10750	0	0
567	10300	0	0
568	10380	0	0
569	10229	0	0
570	9701	1	0
571	9717	0	0
572	9509	0	0
573	9103	0	0
574	9308	0	0
575	8991	0	0
576	9086	0	0
577	8518	0	0
578	8571	0	0
579	8654	0	0
580	8592	0	0
581	8140	0	0
582	8086	0	0
583	8230	0	0
584	8004	0	0
585	7948	0	0
586	7572	0	0
587	7484	4	0
588	7359	0	0
589	7213	0	0
590	7254	0	0
591	7070	0	0
592	6965	3	0
593	6660	3	0
594	6495	0	0
595	6623	0	0
596	6301	0	0
597	6639	0	0
598	6173	0	0
599	6336	0	0
600	5938	0	0
601	6077	0	0
602	5797	0	0
603	5753	0	0
604	5675	0	0
605	5313	0	0
606	5475	1	0
607	5681	0	0
608	5448	0	0
609	5290	0	0
610	5218	0	0
611	5433	0	0
612	4994	0	0
613	4827	0	0
614	4988	0	0
615	4880	0	0
616	4540	0	0
617	4333	0	0
618	4492	0	0
619	4150	0	0
620	4086	0	0
621	4379	0	0
622	4400	0	0
623	4107	0	0
624	4185	0	0
625	4066	2	0
626	4040	0	0
627	3836	0	0
628	3556	0	0
629	3754	0	0
630	3619	0	0
631	3620	0	0
632	3567	0	0
633	3376	0	0
634	3235	0	0
636	0	1	0
643	0	1	0
651	0	1	0
654	0	1	0
657	0	1	0
680	0	2	0
681	0	1	0
682	0	1	0
698	0	1	0
723	0	3	0
761	0	1	0
770	0	1	0
785	0	1	0
791	0	1	0
797	0	2	0
803	0	4	0
822	0	1	0
825	0	1	0
831	0	1	0
854	0	1	0
976	0	1	0
979	0	1	0
1008	0	4	0
1033	0	2	0
1035	0	1	0
1039	0	1	0
1042	0	1	0
1055	0	1	0
1060	0	3	0
1082	0	2	0
1104	0	2	0
1120	0	1	0
1126	0	2	0
1127	0	1	0
1133	0	8	0
1172	0	2	0
1193	0	3	0
1197	0	1	0
1206	0	1	0
1250	0	1	0
1265	0	1	0
1267	0	1	0
1269	0	2	0
1280	0	1	0
1295	0	3	0
1306	0	1	0
1311	0	2	0
1331	0	1	0
1350	0	1	0
1354	0	3	0
1409	0	3	0
1448	0	2	0
1493	0	5	0
1499	0	1	0
1517	0	2	0
1547	0	1	0
1553	0	2	0
1650	0	1	0
1717	0	4	0
1752	0	2	0
1754	0	1	0
1840	0	1	0
1906	0	1	0
1917	0	9	0
2021	0	6	0
2055	0	1	0
2083	0	5	0
2126	0	3	0
2161	0	4	0
2163	0	1	0
2174	0	1	0
2205	0	8	0
2217	0	6	0
2219	0	1	0
2226	0	2	0
2233	0	2	0
2253	0	1	0
2274	0	1	0
2303	0	1	0
2311	0	1	0
2319	0	1	0
2320	0	1	0
2321	0	1	0
2326	0	1	0
2348	0	2	0
2361	0	1	0
2377	0	1	0
2393	0	3	0
2395	0	2	0
2398	0	2	0
2403	0	3	0
2407	0	2	0
2408	0	5	0
2410	0	1	0
2417	0	1	0
2421	0	1	0
2423	0	1	0
2430	0	2	0
2439	0	1	0
2444	0	1	0
2447	0	1	0
2450	0	1	0
2455	0	1	0
2461	0	3	0
2466	0	2	0
2470	0	2	0
2472	0	3	0
2476	0	1	0
2480	0	1	0
2482	0	1	0
2486	0	1	0
2513	0	1	0
2615	0	2	0
2854	0	2	0
3078	0	1	0
3086	0	1	0
3103	0	1	0
3143	0	1	0
3147	0	4	0
3267	0	1	0
3327	0	2	0
3378	0	1	0
3394	0	1	0
3477	0	1	0
3491	0	1	0
3492	0	2	0
3691	0	1	0
3792	0	1	0
3907	0	1	0
4305	0	1	0
4417	0	2	0
4473	0	1	0
4555	0	1	0
4613	0	1	0
4641	0	2	0
4698	0	1	0
4909	0	1	0
5009	0	1	0
5229	0	3	0
5413	0	1	0
5670	0	1	0
5786	0	3	0
5801	0	1	0
5810	0	2	0
5842	0	1	0
5913	0	1	0
5954	0	2	0
5992	0	2	0
6014	0	1	0
6114	0	1	0
6237	0	1	0
6287	0	1	0
6467	0	1	0
6684	0	2	0
6771	0	2	0
7127	0	4	0
7239	0	1	0
7361	0	3	0
7422	0	3	0
7489	0	1	0
7496	0	2	0
7719	0	2	0
7771	0	2	0
7802	0	2	0
7836	0	4	0
7992	0	1	0
8115	0	4	0
8161	0	1	0
8180	0	2	0
8240	0	1	0
8515	0	2	0
8580	0	2	0
8777	0	1	0
9851	0	1	0
9950	0	1	0
10117	0	2	0
10162	0	1	0
11142	0	2	0
11214	0	4	0
12015	0	1	0
12026	0	3	0
12148	0	3	0
13508	0	1	0
13522	0	2	0
13790	0	1	0
13999	0	1	0
14090	0	1	0
14141	0	3	0
14241	0	1	0
14719	0	1	0
14847	0	2	0
15044	0	3	0
15078	0	1	0
15705	0	2	0
15764	0	5	0
15776	0	7	0
15785	0	3	0
15790	0	2	0
15796	0	1	0
15799	0	2	0
15807	0	4	0
15811	0	5	0
15820	0	3	0
15822	0	6	0
15828	0	1	0
15832	0	7	0
15833	0	1	0
15835	0	3	0
15836	0	5	0
15837	0	8	0
15843	0	2	0
15848	0	2	0
15850	0	1	0
15854	0	8	0
15857	0	3	0
15861	0	6	0
15864	0	6	0
15865	0	2	0
15868	0	4	0
15874	0	5	0
15880	0	2	0
15883	0	4	0
15884	0	1	0
15890	0	2	0
15892	0	1	0
15895	0	2	0
15903	0	4	0
15906	0	1	0
15908	0	1	0
15911	0	1	0
15912	0	1	0
15914	0	4	0
15918	0	4	0
15919	0	1	0
15920	0	4	0
15922	0	2	0
15924	0	2	0
15926	0	9	0
15927	0	1	0
15928	0	1	0
15932	0	5	0
15933	0	4	0
15934	0	4	0
15935	0	1	0
15936	0	6	0
15939	0	2	0
15940	0	3	0
15941	0	1	0
15943	0	1	0
15945	0	2	0
15946	0	9	0
15949	0	6	0
15951	0	6	0
15952	0	2	0
15953	0	5	0
15954	0	6	0
15957	0	2	0
15958	0	3	0
15959	0	7	0
15961	0	7	0
15962	0	8	0
15963	0	8	0
15964	0	1	0
15965	0	3	0
15966	0	6	0
15967	0	1	0
15968	0	3	0
15970	0	7	0
15971	0	3	0
15972	0	2	0
15974	0	6	0
15976	0	5	0
15977	0	9	0
15978	0	6	0
15979	0	8	0
15981	0	8	0
15982	0	2	0
15983	0	2	0
15984	0	4	0
15985	0	3	0
15986	0	2	0
15987	0	5	0
15988	0	6	0
15989	0	2	0
15990	0	5	0
15991	0	5	0
15992	0	14	0
15993	0	3	0
15994	0	1	0
15995	0	2	0
15996	0	7	0
15998	0	1	0
15999	0	7	0
16000	0	2	0
16001	0	4	0
16002	0	2	0
16003	0	9	0
16004	0	3	0
16005	0	1	0
16007	0	11	0
16008	0	2	0
16009	0	4	0
16010	0	5	0
16011	0	4	0
16013	0	8	0
16014	0	4	0
16015	0	2	0
16016	0	5	0
16018	0	5	0
16019	0	4	0
16020	0	5	0
16021	0	4	0
16022	0	4	0
16023	0	4	0
16024	0	2	0
16025	0	6	0
16026	0	7	0
16027	0	5	0
16028	0	6	0
16029	0	7	0
16030	0	1	0
16032	0	1	0
16033	0	6	0
16036	0	9	0
16037	0	9	0
16038	0	15	0
16039	0	4	0
16040	0	7	0
16041	0	6	0
16042	0	6	0
16043	0	4	0
16044	0	6	0
16046	0	2	0
16047	0	6	0
16048	0	6	0
16049	0	4	0
16050	0	8	0
16051	0	1	0
16052	0	3	0
16053	0	4	0
16054	0	10	0
16055	0	1	0
16056	0	3	0
16057	0	6	0
16058	0	6	0
16059	0	12	0
16060	0	6	0
16061	0	5	0
16062	0	2	0
16063	0	7	0
16064	0	4	0
16065	0	5	0
16066	0	8	0
16067	0	4	0
16068	0	5	0
16069	0	10	0
16070	0	11	0
16071	0	6	0
16072	0	5	0
16073	0	4	0
16074	0	8	0
16075	0	12	0
16076	0	3	0
16077	0	6	0
16078	0	3	0
16079	0	10	0
16080	0	4	0
16081	0	12	0
16082	0	2	0
16083	0	14	0
16084	0	8	0
16085	0	3	0
16086	0	7	0
16087	0	6	0
16088	0	7	0
16089	0	11	0
16090	0	10	0
16091	0	3	0
16092	0	12	0
16093	0	9	0
16094	0	5	0
16095	0	9	0
16096	0	8	0
16097	0	4	0
16098	0	10	0
16099	0	10	0
16100	0	2	0
16101	0	3	0
16102	0	5	0
16103	0	6	0
16104	0	2	0
16105	0	2	0
16106	0	5	0
16107	0	10	0
16108	0	2	0
16109	0	4	0
16110	0	7	0
16111	0	5	0
16112	0	6	0
16113	0	9	0
16114	0	1	0
16115	0	7	0
16116	0	1	0
16117	0	2	0
16118	0	3	0
16119	0	7	0
16121	0	4	0
16122	0	5	0
16123	0	4	0
16124	0	1	0
16125	0	6	0
16126	0	9	0
16127	0	4	0
16128	0	5	0
16129	0	4	0
16130	0	4	0
16131	0	5	0
16133	0	5	0
16134	0	1	0
16136	0	3	0
16137	0	1	0
16138	0	2	0
16139	0	2	0
16142	0	1	0
16144	0	2	0
16146	0	1	0
16147	0	1	0
16148	0	1	0
16160	0	1	0
16521	0	1	0
16689	0	2	0
16810	0	2	0
17324	0	1	0
17421	0	1	0
17430	0	1	0
18051	0	1	0
18082	0	2	0
18231	0	1	0
18419	0	2	0
19301	0	2	0
19314	0	5	0
19341	0	1	0
19363	0	3	0
19513	0	1	0
19542	0	2	0
19555	0	2	0
19707	0	2	0
21056	0	2	0
21672	0	1	0
22807	0	1	0
24955	0	4	0
25724	0	2	0
26806	0	2	0
27007	0	3	0
27401	0	1	0
28624	0	2	0
29095	0	5	0
29310	0	1	0
29564	0	3	0
29884	0	1	0
31870	0	3	0
34866	0	1	0
34870	0	1	0
35915	0	1	0
36399	0	2	0
36588	0	1	0
37345	0	1	0
37356	0	1	0
37377	0	1	0
38542	0	2	0
38559	0	1	0
40192	0	1	0
40830	0	2	0
41512	0	4	0
44619	0	1	0
45213	0	5	0
45451	0	1	0
46421	0	1	0
48742	0	4	0
49537	0	1	0
49577	0	1	0
54254	0	1	0
54465	0	1	0
55854	0	3	0
55936	0	2	0
65065	0	1	0
65981	0	1	0
66509	0	2	0
68789	0	1	0
73474	0	1	0
76236	0	1	0
76422	0	2	0
77060	0	2	0
77340	0	3	0
79864	0	1	0
80439	0	2	0
81594	0	1	0
83102	0	1	0
83424	0	1	0
84354	0	1	0
85689	0	1	0
88131	0	1	0
90547	0	1	0
91467	0	1	0
95259	0	2	0
95983	0	1	0
108675	0	1	0
110304	0	1	0
111539	0	1	0
111569	0	1	0
111570	0	1	0
111580	0	1	0
111582	0	1	0
111585	0	1	0
111590	0	1	0
111600	0	1	0
111602	0	2	0
111612	0	2	0
111619	0	2	0
111621	0	2	0
111634	0	1	0
111639	0	1	0
111644	0	1	0
111646	0	1	0
111648	0	2	0
111668	0	1	0
111669	0	1	0
111674	0	1	0
111677	0	1	0
111699	0	1	0
111701	0	2	0
111707	0	2	0
111711	0	1	0
111713	0	1	0
111714	0	1	0
111715	0	1	0
111717	0	2	0
111720	0	1	0
111724	0	1	0
111729	0	2	0
111749	0	1	0
111750	0	1	0
112013	0	2	0
113446	0	1	0
113474	0	2	0
113486	0	1	0
113502	0	2	0
113503	0	3	0
113504	0	1	0
113524	0	3	0
113558	0	2	0
113561	0	1	0
113569	0	1	0
113581	0	1	0
113584	0	2	0
113589	0	1	0
113596	0	1	0
113601	0	3	0
113607	0	3	0
113612	0	2	0
113620	0	2	0
113637	0	1	0
113642	0	3	0
113645	0	1	0
113653	0	1	0
113655	0	1	0
113656	0	1	0
113667	0	2	0
113669	0	2	0
113673	0	1	0
113675	0	1	0
113679	0	1	0
113680	0	2	0
113683	0	1	0
113697	0	1	0
113699	0	1	0
113700	0	1	0
113706	0	2	0
113707	0	1	0
113709	0	1	0
113720	0	1	0
113730	0	1	0
113749	0	1	0
114399	0	1	0
117034	0	1	0
124151	0	1	0
124229	0	1	0
127438	0	2	0
131980	0	1	0
132550	0	2	0
133286	0	1	0
135594	0	1	0
137529	0	1	0
141116	0	1	0
142786	0	1	0
143254	0	1	0
143642	0	1	0
143660	0	1	0
144257	0	1	0
149820	0	1	0
150022	0	3	0
150321	0	1	0
155008	0	1	0
158511	0	2	0
162050	0	1	0
163077	0	1	0
163288	0	1	0
164138	0	1	0
171372	0	1	0
171401	0	2	0
175919	0	3	0
177642	0	2	0
180719	0	1	0
181501	0	7	0
181966	0	1	0
187926	0	1	0
188043	0	3	0
188050	0	1	0
188060	0	1	0
188094	0	1	0
188130	0	1	0
188131	0	1	0
188151	0	1	0
194818	0	1	0
195363	0	3	0
196113	0	3	0
203278	0	1	0
203328	0	3	0
207395	0	1	0
209618	0	2	0
218000	0	2	0
220919	0	1	0
231806	0	1	0
235842	0	4	0
235963	0	1	0
238724	0	1	0
245616	0	1	0
248661	0	1	0
255105	0	1	0
271054	0	1	0
271677	0	1	0
281269	0	4	0
286585	0	1	0
286963	0	1	0
288496	0	3	0
291080	0	1	0
292342	0	1	0
292934	0	1	0
294849	0	1	0
301665	0	1	0
302047	0	2	0
304423	0	4	0
306927	0	1	0
308422	0	1	0
310717	0	1	0
310824	0	1	0
316967	0	1	0
317259	0	1	0
320504	0	1	0
338128	0	1	0
338895	0	1	0
341902	0	1	0
351464	0	1	0
354516	0	1	0
365456	0	1	0
384010	0	2	0
384665	0	1	0
386075	0	1	0
392299	0	1	0
392734	0	1	0
406973	0	3	0
416117	0	4	0
421180	0	1	0
430824	0	1	0
430990	0	1	0
442587	0	1	0
442783	0	1	0
459649	0	1	0
459833	0	6	0
460101	0	1	0
462291	0	1	0
489605	0	1	0
494820	0	1	0
498192	0	1	0
509892	0	4	0
521331	0	4	0
521871	0	1	0
526123	0	3	0
529483	0	1	0
548202	0	1	0
552168	0	1	0
552252	0	1	0
553331	0	9	0
554535	0	1	0
565521	0	3	0
569405	0	1	0
583858	0	1	0
585359	0	1	0
585902	0	1	0
587594	0	1	0
597488	0	1	0
602606	0	2	0
606670	0	1	0
607440	0	1	0
619633	0	1	0
623654	0	5	0
625117	0	1	0
631667	0	2	0
650595	0	2	0
654245	0	1	0
663248	0	1	0
672948	0	1	0
674963	0	1	0
696656	0	2	0
697137	0	1	0
697270	0	1	0
699326	0	1	0
717353	0	1	0
722580	0	1	0
725497	0	1	0
728549	0	1	0
743180	0	1	0
759084	0	1	0
766275	0	1	0
768208	0	2	0
778112	0	1	0
781109	0	1	0
788569	0	2	0
789541	0	1	0
790110	0	1	0
797995	0	1	0
803454	0	2	0
810391	0	4	0
822012	0	2	0
830351	0	1	0
836613	0	2	0
836628	0	1	0
857209	0	2	0
861755	0	1	0
865501	0	1	0
867703	0	1	0
877218	0	1	0
879119	0	1	0
884284	0	2	0
889650	0	2	0
904846	0	1	0
908023	0	1	0
908077	0	2	0
908249	0	1	0
910852	0	1	0
914883	0	1	0
914956	0	1	0
916948	0	2	0
922517	0	1	0
923460	0	2	0
942287	0	1	0
946211	0	1	0
950804	0	1	0
952758	0	1	0
962109	0	2	0
962279	0	1	0
963571	0	1	0
966733	0	1	0
967213	0	2	0
970968	0	1	0
972575	0	1	0
977688	0	3	0
985866	0	1	0
1015005	0	1	0
1033894	0	0	1
1035548	0	1	0
1035766	0	2	0
1037458	0	2	0
1048191	0	1	0
1051342	0	2	0
1052864	0	1	0
1073037	0	1	0
1093061	0	2	0
1102819	0	1	0
1103980	0	1	0
1118027	0	1	0
1152092	0	1	0
1159879	0	1	0
1171066	0	1	0
1177263	0	1	0
1180274	0	1	0
1186589	0	1	0
1203168	0	1	0
1203932	0	1	0
1203943	0	1	0
1222912	0	1	0
1224993	0	1	0
1225546	0	1	0
1235744	0	5	0
1267971	0	3	0
1274038	0	7	0
1281351	0	2	0
1284075	0	1	0
1329178	0	1	0
1331863	0	1	0
1335456	0	2	0
1339282	0	1	0
1345797	0	1	0
1355774	0	0	1
1356206	0	2	0
1359061	0	4	0
1368790	0	1	0
1369434	0	1	0
1369811	0	1	0
1379769	0	1	0
1382454	0	2	0
1407126	0	0	1
1408347	0	1	0
1448015	0	1	0
1448031	0	1	0
1458846	0	1	0
1490780	0	1	0
1505012	0	3	0
1507923	0	1	0
1518214	0	1	0
1519521	0	2	0
1534110	0	2	0
1538780	0	1	0
1538818	0	1	0
1563194	0	1	0
1565945	0	1	0
1585151	0	1	0
1594184	0	1	0
1606041	0	2	0
1614443	0	1	0
1623101	0	3	0
1634328	0	1	0
1635641	0	4	0
1636031	0	1	0
1655415	0	2	0
1658453	0	1	0
1659093	0	3	0
1666133	0	1	0
1667454	0	1	0
1685226	0	1	0
1688477	0	1	0
1689028	0	1	0
1698374	0	1	0
1709225	0	1	0
1709359	0	1	0
1716785	0	1	0
1729630	0	2	0
1744732	0	2	0
1785432	0	1	0
1790612	0	1	0
1796851	0	1	0
1816384	0	1	0
1853494	0	3	0
1856418	0	1	0
1867706	0	1	0
1868303	0	1	0
1870190	0	1	0
1873534	0	1	0
1912394	0	1	0
1916200	0	1	0
1939399	0	1	0
1943191	0	1	0
1951935	0	4	0
1956445	0	1	0
1960794	0	1	0
1974779	0	1	0
1981279	0	1	0
1990955	0	2	0
2023142	0	4	0
2036976	0	1	0
2044890	0	1	0
2044960	0	1	0
2044977	0	2	0
2044984	0	3	0
2045003	0	3	0
2059594	0	1	0
2063087	0	1	0
2090453	0	1	0
2110705	0	1	0
2113269	0	3	0
2120499	0	1	0
2141695	0	1	0
2144801	0	3	0
2162728	0	1	0
2172680	0	3	0
2183760	0	1	0
2197840	0	1	0
2199946	0	3	0
2206248	0	1	0
2245809	0	2	0
2268571	0	1	0
2291173	0	1	0
2308905	0	3	0
2317059	0	1	0
2334426	0	1	0
2341248	0	3	0
2372840	0	1	0
2379456	0	2	0
2398108	0	1	0
2454525	0	1	0
2459024	0	2	0
2464524	0	1	0
2495989	0	1	0
2498706	0	1	0
2504897	0	1	0
2517127	0	1	0
2520253	0	1	0
2525926	0	1	0
2534055	0	1	0
2536855	0	1	0
2573458	0	2	0
2588588	0	2	0
2602679	0	1	0
2606273	0	1	0
2618651	0	1	0
2643984	0	1	0
2700999	0	2	0
2707706	0	2	0
2718641	0	1	0
2727649	0	1	0
2730119	0	1	0
2730147	0	1	0
2731279	0	2	0
2754409	0	1	0
2766717	0	1	0
2795422	0	1	0
2801759	0	1	0
2805248	0	1	0
2806126	0	2	0
2806462	0	1	0
2818382	0	0	1
2841750	0	1	0
2849006	0	1	0
2851425	0	1	0
2871490	0	1	0
2874930	0	1	0
2895770	0	1	0
2914209	0	1	0
2922883	0	1	0
2923544	0	2	0
2933992	0	1	0
2949535	0	1	0
2957413	0	1	0
2960495	0	1	0
2968119	0	1	0
2988330	0	1	0
2989976	0	1	0
2996562	0	1	0
3012627	0	1	0
3058898	0	1	0
3062758	0	1	0
3069585	0	1	0
3071190	0	1	0
3081175	0	3	0
3087901	0	1	0
3099367	0	2	0
3103699	0	0	1
3119909	0	1	0
3141132	0	1	0
3142699	0	1	0
3177929	0	2	0
3202523	0	1	0
3208478	0	1	0
3213351	0	2	0
3254447	0	1	0
3273799	0	1	0
3289423	0	4	0
3316554	0	2	0
3319299	0	1	0
3323557	0	1	0
3336652	0	1	0
3347053	0	1	0
3351597	0	1	0
3364284	0	1	0
3371726	0	1	0
3389154	0	1	0
3401828	0	2	0
3410009	0	1	0
3420638	0	1	0
3439607	0	1	0
3441726	0	3	0
3453968	0	1	0
3473961	0	0	1
3479893	0	1	0
3493827	0	1	0
3551168	0	1	0
3563465	0	1	0
3583959	0	1	0
3611842	0	1	0
3623332	0	1	0
3623572	0	1	0
3681794	0	0	1
3686877	0	1	0
3701168	0	1	0
3722464	0	1	0
3733251	0	1	0
3743579	0	1	0
3753496	0	1	0
3754839	0	1	0
3774068	0	1	0
3790339	0	1	0
3797460	0	1	0
3797947	0	2	0
3798682	0	1	0
3801343	0	2	0
3801675	0	1	0
3807270	0	1	0
3819932	0	1	0
3841089	0	1	0
3848228	0	7	0
3855727	0	1	0
3857699	0	1	0
3868258	0	3	0
3871980	0	1	0
3879196	0	0	1
3908831	0	4	0
3950385	0	1	0
3968075	0	1	0
3970665	0	1	0
3975301	0	2	0
3998896	0	1	0
4019122	0	1	0
4034000	0	1	0
4036015	0	1	0
4036401	0	1	0
4050325	0	1	0
4066715	0	1	0
4072259	0	1	0
4073619	0	2	0
4117542	0	1	0
4117688	0	2	0
4127863	0	1	0
4129039	0	1	0
4152006	0	1	0
4161219	0	1	0
4202113	0	1	0
4215495	0	1	0
4232757	0	1	0
4235962	0	1	0
4244465	0	1	0
4246301	0	1	0
4263857	0	1	0
4279227	0	1	0
4297568	0	1	0
4320607	0	2	0
4335333	0	1	0
4367547	0	1	0
4392480	0	1	0
4398342	0	1	0
4409104	0	1	0
4414146	0	1	0
4426545	0	1	0
4444810	0	1	0
4447061	0	3	0
4448719	0	1	0
4460674	0	1	0
4472239	0	1	0
4486784	0	1	0
4492794	0	1	0
4509497	0	0	1
4516582	0	1	0
4516604	0	1	0
4530023	0	1	0
4544072	0	1	0
4558044	0	1	0
4578582	0	1	0
4579035	0	3	0
4619876	0	1	0
4621509	0	3	0
4631869	0	1	0
4656427	0	2	0
4661932	0	1	0
4673730	0	1	0
4676189	0	1	0
4694259	0	1	0
4698002	0	1	0
4704645	0	1	0
4708561	0	1	0
4719884	0	2	0
4726062	0	1	0
4729800	0	2	0
4737202	0	1	0
4760300	0	3	0
4770255	0	4	0
4779163	0	1	0
4779551	0	1	0
4810885	0	1	0
4825898	0	1	0
4830403	0	1	0
4846025	0	1	0
4850337	0	1	0
4879907	0	1	0
4896856	0	1	0
4910207	0	1	0
4929824	0	1	0
4933494	0	2	0
4950631	0	1	0
4952670	0	1	0
4954854	0	2	0
4964891	0	3	0
4972090	0	1	0
4974167	0	1	0
4989847	0	1	0
4990266	0	1	0
5000800	0	1	0
5005207	0	1	0
5009818	0	1	0
5016386	0	1	0
5019207	0	1	0
5040827	0	1	0
5043578	0	1	0
5048875	0	1	0
5051775	0	1	0
5108066	0	1	0
5115308	0	1	0
5119605	0	1	0
5126904	0	1	0
5178028	0	1	0
5180200	0	1	0
5195269	0	1	0
5204433	0	1	0
5243905	0	1	0
5321559	0	1	0
5340100	0	1	0
5352766	0	1	0
5368712	0	1	0
5376701	0	1	0
5397081	0	1	0
5423858	0	1	0
5431132	0	1	0
5475994	0	1	0
5487512	0	1	0
5491014	0	1	0
5527619	0	1	0
5531737	0	2	0
5532682	0	1	0
5592011	0	2	0
5640618	0	0	1
5644559	0	2	0
5667642	0	1	0
5714563	0	1	0
5734582	0	1	0
5762393	0	1	0
5767264	0	1	0
5777093	0	1	0
5811008	0	1	0
5817848	0	1	0
5827527	0	1	0
5829038	0	1	0
5862231	0	5	0
5869321	0	1	0
5884698	0	1	0
5948116	0	1	0
5950537	0	1	0
5953529	0	1	0
5956233	0	1	0
5960907	0	1	0
5971593	0	1	0
5975292	0	1	0
5996455	0	1	0
5998926	0	1	0
6040441	0	1	0
6048988	0	1	0
6051402	0	1	0
6054212	0	1	0
6058310	0	1	0
6061494	0	1	0
6067123	0	1	0
6069671	0	2	0
6087351	0	1	0
6092292	0	1	0
6114989	0	1	0
6118768	0	1	0
6132664	0	1	0
6139564	0	1	0
6147124	0	1	0
6150387	0	1	0
6151071	0	1	0
6158962	0	1	0
6169503	0	3	0
6199067	0	1	0
6201213	0	3	0
6203363	0	1	0
6227339	0	1	0
6262388	0	1	0
6272422	0	1	0
6274911	0	0	1
6291505	0	0	1
6321742	0	1	0
6338909	0	1	0
6346254	0	2	0
6362342	0	1	0
6368311	0	1	0
6368825	0	1	0
6378090	0	1	0
6386407	0	1	0
6392485	0	1	0
6393345	0	1	0
6396769	0	1	0
6405659	0	1	0
6421174	0	3	0
6421341	0	1	0
6428834	0	2	0
6446364	0	1	0
6453902	0	1	0
6468278	0	1	0
6469944	0	1	0
6476586	0	1	0
6493729	0	1	0
6572831	0	1	0
6578741	0	1	0
6580152	0	1	0
6585708	0	1	0
6592672	0	2	0
6602589	0	1	0
6621230	0	1	0
6654851	0	1	0
6667837	0	1	0
6675204	0	2	0
6681656	0	1	0
6702285	0	1	0
6717995	0	2	0
6742434	0	1	0
6756092	0	1	0
6767837	0	1	0
6775921	0	2	0
6793956	0	1	0
6816450	0	1	0
6818512	0	1	0
6827034	0	0	1
6829393	0	1	0
6829621	0	0	1
6831426	0	2	0
6875159	0	2	0
6877967	0	3	0
6887682	0	2	0
6892596	0	1	0
6900794	0	1	0
6902015	0	1	0
6908998	0	1	0
6908999	0	1	0
6915173	0	1	0
6919414	0	2	0
6940437	0	1	0
6962641	0	1	0
6987475	0	1	0
6991235	0	1	0
7006658	0	3	0
7009070	0	1	0
7027147	0	1	0
7066049	0	1	0
7073831	0	1	0
7084004	0	1	0
7102573	0	1	0
7110990	0	1	0
7112229	0	0	1
7112250	0	0	1
7112763	0	1	0
7116310	0	1	0
7135961	0	1	0
7148800	0	1	0
7183984	0	1	0
7196637	0	1	0
7200771	0	1	0
7201483	0	1	0
7204906	0	1	0
7214586	0	1	0
7224972	0	1	0
7236426	0	1	0
7249264	0	1	0
7253494	0	2	0
7272846	0	1	0
7305862	0	1	0
7323241	0	1	0
7353067	0	1	0
7388801	0	1	0
7389937	0	1	0
7410745	0	3	0
7437768	0	1	0
7446618	0	1	0
7449327	0	1	0
7528104	0	1	0
7531498	0	1	0
7555498	0	1	0
7565172	0	1	0
7565946	0	1	0
7573559	0	1	0
7597070	0	1	0
7637043	0	1	0
7639405	0	1	0
7642736	0	1	0
7643880	0	2	0
7703400	0	5	0
7718793	0	1	0
7744415	0	4	0
7749859	0	1	0
7753349	0	1	0
7765407	0	1	0
7780430	0	1	0
7782547	0	1	0
7811164	0	1	0
7812082	0	1	0
7813150	0	1	0
7820000	0	1	0
7820121	0	1	0
7851967	0	1	0
7861639	0	1	0
7869450	0	1	0
7879592	0	3	0
7881874	0	1	0
7919411	0	1	0
7945383	0	1	0
7962845	0	1	0
8000238	0	2	0
8009974	0	1	0
8027570	0	1	0
8041596	0	1	0
8042607	0	1	0
8065357	0	2	0
8067971	0	1	0
8074858	0	1	0
8076776	0	1	0
8082774	0	1	0
8096930	0	1	0
8123089	0	2	0
8145415	0	1	0
8156858	0	1	0
8177574	0	4	0
8183682	0	1	0
8199651	0	1	0
8211600	0	1	0
8212344	0	1	0
8225039	0	2	0
8236146	0	1	0
8261538	0	1	0
8283646	0	1	0
8313765	0	2	0
8326015	0	1	0
8342203	0	1	0
8372199	0	2	0
8395430	0	1	0
8397544	0	1	0
8398848	0	1	0
8426909	0	1	0
8427708	0	1	0
8444349	0	1	0
8457707	0	1	0
8469572	0	1	0
8472634	0	4	0
8482027	0	1	0
8489178	0	3	0
8491722	0	2	0
8521042	0	1	0
8535300	0	1	0
8543277	0	1	0
8550231	0	1	0
8550408	0	3	0
8552726	0	1	0
8586306	0	1	0
8597338	0	1	0
8611666	0	1	0
8620233	0	1	0
8626329	0	1	0
8633701	0	1	0
8640295	0	1	0
8652784	0	1	0
8667848	0	3	0
8683231	0	1	0
8687022	0	1	0
8690977	0	1	0
8697562	0	1	0
8699738	0	1	0
8748354	0	1	0
8752897	0	1	0
8763836	0	1	0
8766121	0	1	0
8771131	0	1	0
8774375	0	1	0
8774765	0	1	0
8774780	0	3	0
8786992	0	3	0
8812035	0	1	0
8814623	0	1	0
8817975	0	1	0
8882439	0	1	0
8892097	0	2	0
8905493	0	1	0
8935732	0	1	0
8996174	0	2	0
9000117	0	2	0
9017150	0	1	0
9052299	0	1	0
9059261	0	3	0
9079715	0	0	1
9086386	0	4	0
9090779	0	1	0
9103028	0	1	0
9116869	0	1	0
9133735	0	2	0
9144566	0	1	0
9199836	0	1	0
9232724	0	1	0
9271771	0	1	0
9292372	0	1	0
9295925	0	1	0
9302017	0	1	0
9372302	0	1	0
9395234	0	1	0
9404480	0	1	0
9414195	0	1	0
9425773	0	1	0
9456512	0	1	0
9460213	0	1	0
9513638	0	1	0
9525201	0	1	0
9525203	0	1	0
9597751	0	1	0
9610533	0	1	0
9643378	0	0	1
9668532	0	1	0
9669872	0	2	0
9675038	0	1	0
9681307	0	1	0
9701563	0	2	0
9744974	0	1	0
9775864	0	1	0
9783399	0	1	0
9789314	0	1	0
9795905	0	1	0
9798911	0	1	0
9816414	0	1	0
9818478	0	1	0
9871036	0	1	0
9872681	0	1	0
9905660	0	1	0
9940902	0	2	0
9947789	0	2	0
10004114	0	6	0
10024443	0	1	0
10073948	0	3	0
10074133	0	1	0
10104803	0	1	0
10115044	0	1	0
10127019	0	1	0
10129395	0	1	0
10149235	0	1	0
10149749	0	1	0
10166182	0	1	0
10176597	0	1	0
10217451	0	2	0
10248356	0	3	0
10262010	0	1	0
10266113	0	1	0
10273230	0	1	0
10273295	0	3	0
10281634	0	1	0
10287497	0	0	1
10301671	0	1	0
10335207	0	1	0
10353953	0	0	1
10357340	0	1	0
10397676	0	1	0
10406069	0	1	0
10407609	0	1	0
10431218	0	1	0
10447476	0	1	0
10499029	0	1	0
10521745	0	3	0
10541809	0	1	0
10551394	0	1	0
10569165	0	1	0
10599349	0	1	0
10600130	0	1	0
10605979	0	1	0
10616086	0	1	0
10617840	0	4	0
10624314	0	1	0
10661388	0	1	0
10674159	0	3	0
10757202	0	1	0
10762478	0	1	0
10795009	0	1	0
10810295	0	2	0
10875345	0	1	0
10888163	0	1	0
10896810	0	2	0
10907239	0	3	0
10935894	0	1	0
10963796	0	2	0
10992692	0	1	0
11014588	0	2	0
11054133	0	1	0
11068057	0	1	0
11102498	0	1	0
11112634	0	1	0
11116527	0	1	0
11169414	0	1	0
11175917	0	1	0
11197160	0	1	0
11200183	0	1	0
11235225	0	1	0
11253849	0	2	0
11288845	0	1	0
11301887	0	1	0
11340803	0	1	0
11407302	0	1	0
11410629	0	1	0
11445711	0	1	0
11450092	0	1	0
11478372	0	1	0
11484918	0	1	0
11491150	0	1	0
11508308	0	2	0
11527389	0	1	0
11538684	0	2	0
11594844	0	1	0
11597414	0	1	0
11638407	0	2	0
11640895	0	1	0
11659324	0	1	0
11678132	0	1	0
11679475	0	1	0
11708943	0	2	0
11721361	0	1	0
11782961	0	1	0
11811228	0	1	0
11819597	0	1	0
11836905	0	1	0
11862376	0	1	0
11870106	0	1	0
11897932	0	2	0
11898958	0	3	0
11905652	0	1	0
11957417	0	1	0
11957917	0	1	0
11964190	0	1	0
12012064	0	4	0
12021551	0	1	0
12027230	0	1	0
12046676	0	1	0
12058522	0	1	0
12066325	0	2	0
12074340	0	2	0
12092255	0	1	0
12092650	0	2	0
12125822	0	1	0
12189888	0	2	0
12214497	0	2	0
12232314	0	1	0
12243913	0	1	0
12250000	0	3	0
12254654	0	1	0
12256020	0	1	0
12298555	0	2	0
12350136	0	1	0
12365600	0	1	0
12371440	0	1	0
12376755	0	0	1
12398788	0	1	0
12408414	0	2	0
12446101	0	2	0
12498187	0	1	0
12559478	0	2	0
12582111	0	1	0
12602167	0	1	0
12627165	0	1	0
12672077	0	1	0
12677800	0	1	0
12681522	0	4	0
12687957	0	2	0
12689309	0	1	0
12692632	0	1	0
12714066	0	2	0
12772850	0	1	0
12810720	0	1	0
12821619	0	1	0
12852119	0	4	0
12859375	0	1	0
12872329	0	1	0
12899199	0	1	0
13084227	0	1	0
13132026	0	1	0
13147235	0	1	0
13176764	0	3	0
13219673	0	1	0
13235837	0	1	0
13251352	0	1	0
13282702	0	1	0
13326053	0	1	0
13351309	0	1	0
13383532	0	2	0
13444806	0	1	0
13474650	0	2	0
13476153	0	1	0
13485425	0	1	0
13493698	0	0	1
13529881	0	1	0
13575934	0	1	0
13583425	0	1	0
13608025	0	2	0
13676834	0	1	0
13709549	0	1	0
13709790	0	1	0
13715191	0	4	0
13741658	0	1	0
13760854	0	2	0
13764215	0	1	0
13789244	0	1	0
13797709	0	2	0
13805334	0	1	0
13818299	0	2	0
13820138	0	1	0
13846124	0	1	0
13850439	0	1	0
13930426	0	2	0
13934467	0	1	0
13958222	0	1	0
13960978	0	1	0
14003698	0	1	0
14062526	0	1	0
14064322	0	2	0
14075649	0	1	0
14081249	0	1	0
14105195	0	1	0
14112351	0	1	0
14125232	0	1	0
14165427	0	1	0
14194301	0	4	0
14196441	0	1	0
14208407	0	1	0
14234811	0	0	1
14240212	0	1	0
14275171	0	2	0
14294474	0	0	1
14298465	0	1	0
14350337	0	2	0
14370209	0	2	0
14374719	0	2	0
14409846	0	1	0
14411843	0	1	0
14416454	0	1	0
14430462	0	1	0
14442101	0	1	0
14449040	0	1	0
14506966	0	1	0
14515679	0	2	0
14518170	0	2	0
14531136	0	1	0
14531728	0	1	0
14532064	0	1	0
14553283	0	1	0
14561247	0	2	0
14618665	0	2	0
14635313	0	1	0
14703533	0	1	0
14726600	0	2	0
14735653	0	1	0
14758864	0	1	0
14762069	0	2	0
14765255	0	1	0
14787546	0	1	0
14788725	0	3	0
14800485	0	1	0
14819093	0	1	0
14846358	0	1	0
14862907	0	1	0
14869167	0	1	0
14877040	0	2	0
14907417	0	2	0
14967781	0	1	0
14988298	0	1	0
14989212	0	1	0
14992540	0	1	0
15006787	0	3	0
15028331	0	1	0
15058222	0	2	0
15109570	0	3	0
15115820	0	1	0
15191895	0	1	0
15205273	0	1	0
15217369	0	1	0
15221073	0	1	0
15240188	0	1	0
15253147	0	1	0
15290601	0	2	0
15308607	0	2	0
15310580	0	1	0
15326705	0	1	0
15367527	0	1	0
15391219	0	1	0
15437695	0	1	0
15464384	0	2	0
15474101	0	2	0
15486988	0	1	0
15500585	0	1	0
15503360	0	2	0
15506345	0	1	0
15574319	0	2	0
15587939	0	1	0
15601745	0	1	0
15611440	0	1	0
15626366	0	0	1
15647157	0	1	0
15662441	0	2	0
15684299	0	1	0
15690694	0	2	0
15747810	0	1	0
15750406	0	6	0
15757249	0	2	0
15759397	0	1	0
15765740	0	1	0
15796550	0	2	0
15832976	0	1	0
15859888	0	1	0
15864871	0	1	0
15944746	0	4	0
15959430	0	1	0
15969335	0	1	0
16045622	0	1	0
16057865	0	1	0
16068025	0	1	0
16068748	0	3	0
16092211	0	1	0
16092381	0	1	0
16117183	0	1	0
16143339	0	1	0
16191918	0	1	0
16192062	0	1	0
16208882	0	1	0
16210201	0	1	0
16212363	0	1	0
16238150	0	1	0
16241355	0	1	0
16243012	0	1	0
16248184	0	1	0
16287148	0	2	0
16287893	0	2	0
16303060	0	1	0
16305294	0	2	0
16309873	0	1	0
16315450	0	1	0
16358634	0	1	0
16417567	0	4	0
16425162	0	1	0
16426691	0	3	0
16426738	0	0	1
16465900	0	1	0
16486604	0	1	0
16518182	0	1	0
16557903	0	1	0
16561777	0	1	0
16571029	0	1	0
16601966	0	2	0
16641070	0	4	0
16652423	0	1	0
16653370	0	1	0
16656197	0	1	0
16657721	0	2	0
16677437	0	1	0
16737026	0	1	0
16742024	0	1	0
16780571	0	1	0
16781506	0	3	0
16844040	0	0	1
16851980	0	1	0
16862353	0	3	0
16864549	0	1	0
16925413	0	1	0
16959526	0	2	0
16973594	0	2	0
16973595	0	1	0
16982102	0	5	0
17001000	0	3	0
17008567	0	1	0
17068825	0	1	0
17118406	0	1	0
17136657	0	1	0
17144882	0	4	0
17164144	0	1	0
17219894	0	1	0
17220127	0	1	0
17260652	0	2	0
17299656	0	4	0
17318585	0	2	0
17320327	0	1	0
17345969	0	1	0
17353525	0	2	0
17361849	0	1	0
17363304	0	2	0
17372766	0	1	0
17400254	0	1	0
17444037	0	1	0
17446185	0	1	0
17514131	0	1	0
17539078	0	1	0
17544333	0	1	0
17554758	0	2	0
17573789	0	1	0
17580230	0	1	0
17609328	0	1	0
17615829	0	1	0
17616062	0	1	0
17663459	0	2	0
17667877	0	1	0
17682483	0	1	0
17685952	0	1	0
17692629	0	1	0
17714198	0	1	0
17728708	0	4	0
17730276	0	1	0
17752003	0	0	1
17770108	0	1	0
17798944	0	1	0
17827728	0	1	0
17854898	0	3	0
17863964	0	1	0
17879591	0	1	0
17914096	0	1	0
17922711	0	2	0
17922712	0	1	0
17980901	0	1	0
17997029	0	1	0
18021327	0	1	0
18029984	0	2	0
18074960	0	1	0
18165096	0	2	0
18168760	0	2	0
18169772	0	1	0
18186089	0	1	0
18195322	0	2	0
18202033	0	1	0
18214970	0	1	0
18228160	0	1	0
18249116	0	1	0
18328586	0	4	0
18363754	0	1	0
18370991	0	1	0
18372049	0	2	0
18397199	0	1	0
18415126	0	1	0
18422502	0	1	0
18429415	0	1	0
18432866	0	1	0
18441736	0	1	0
18465928	0	2	0
18481801	0	1	0
18483157	0	1	0
18501018	0	1	0
18575173	0	1	0
18581806	0	1	0
18583547	0	1	0
18603057	0	2	0
18628992	0	1	0
18631820	0	1	0
18702267	0	1	0
18702272	0	3	0
18702618	0	1	0
18733454	0	2	0
18742825	0	2	0
18776543	0	3	0
18804458	0	2	0
18844700	0	1	0
18852462	0	1	0
18854960	0	1	0
18856115	0	1	0
18861370	0	5	0
18876158	0	1	0
18909916	0	1	0
18919133	0	2	0
18919214	0	2	0
18951013	0	6	0
18956823	0	1	0
18961725	0	1	0
18968393	0	2	0
19034732	0	1	0
19042693	0	2	0
19054275	0	3	0
19106539	0	1	0
19115617	0	1	0
19136872	0	1	0
19143951	0	1	0
19206034	0	1	0
19222818	0	1	0
19224022	0	1	0
19225368	0	1	0
19259330	0	1	0
19283998	0	1	0
19287107	0	1	0
19290858	0	4	0
19331448	0	1	0
19336443	0	1	0
19345941	0	1	0
19358326	0	1	0
19363788	0	1	0
19499527	0	1	0
19569781	0	1	0
19604482	0	1	0
19614904	0	0	1
19626191	0	2	0
19635708	0	1	0
19654711	0	1	0
19695351	0	2	0
19716482	0	1	0
19718594	0	2	0
19730404	0	1	0
19730467	0	2	0
19768466	0	1	0
19785468	0	1	0
19810496	0	1	0
19813381	0	1	0
19813975	0	1	0
19821009	0	1	0
19829442	0	1	0
19840466	0	2	0
19842661	0	1	0
19850600	0	2	0
19851566	0	1	0
19889579	0	1	0
19933235	0	1	0
19961308	0	1	0
19978891	0	2	0
20031647	0	1	0
20104861	0	1	0
20126860	0	1	0
20127840	0	1	0
20132848	0	1	0
20142473	0	1	0
20151531	0	2	0
20160706	0	1	0
20189578	0	5	0
20201622	0	1	0
20216880	0	1	0
20222094	0	1	0
20235501	0	3	0
20248497	0	1	0
20254347	0	1	0
20285919	0	1	0
20289498	0	1	0
20324399	0	6	0
20332107	0	1	0
20370908	0	5	0
20374483	0	1	0
20393142	0	2	0
20410441	0	1	0
20426710	0	2	0
20428342	0	2	0
20441222	0	1	0
20474145	0	2	0
20511751	0	1	0
20541180	0	4	0
20575192	0	2	0
20584433	0	1	0
20586355	0	1	0
20593588	0	1	0
20622250	0	5	0
20625952	0	1	0
20641618	0	0	1
20650047	0	1	0
20657750	0	1	0
20659286	0	1	0
20661751	0	1	0
20698708	0	2	0
20705157	0	1	0
20716901	0	1	0
20719942	0	1	0
20745783	0	1	0
20746740	0	1	0
20748578	0	2	0
20883187	0	1	0
20932479	0	6	0
20933454	0	1	0
20936384	0	1	0
20954904	0	2	0
20956222	0	2	0
21036501	0	1	0
21047642	0	0	1
21055127	0	1	0
21099257	0	2	0
21116197	0	1	0
21182239	0	1	0
21199991	0	3	0
21238051	0	1	0
21241018	0	1	0
21255484	0	2	0
21286032	0	1	0
21306294	0	2	0
21310358	0	0	1
21374805	0	2	0
21377809	0	1	0
21394638	0	2	0
21396014	0	3	0
21398465	0	1	0
21568417	0	1	0
21624949	0	2	0
21648602	0	1	0
21663784	0	2	0
21700288	0	1	0
21709887	0	1	0
21717166	0	3	0
21758688	0	1	0
21773838	0	2	0
21795823	0	1	0
21830947	0	1	0
21844831	0	2	0
21846122	0	1	0
21880403	0	1	0
21919588	0	1	0
21936320	0	1	0
21963661	0	2	0
21966570	0	1	0
22011977	0	5	0
22014564	0	1	0
22037970	0	1	0
22064643	0	1	0
22072773	0	1	0
22091618	0	2	0
22098117	0	1	0
22168836	0	1	0
22198790	0	1	0
22205348	0	2	0
22277219	0	2	0
22282873	0	1	0
22311525	0	1	0
22344491	0	1	0
22396315	0	1	0
22398873	0	2	0
22406116	0	4	0
22429619	0	1	0
22452902	0	1	0
22471092	0	2	0
22489375	0	1	0
22492175	0	1	0
22526102	0	3	0
22535412	0	2	0
22537363	0	1	0
22555503	0	2	0
22565837	0	1	0
22596787	0	2	0
22632282	0	1	0
22683889	0	1	0
22687220	0	2	0
22707866	0	3	0
22718634	0	3	0
22720355	0	1	0
22721927	0	1	0
22879811	0	1	0
22891887	0	1	0
22925213	0	1	0
22934333	0	1	0
22942056	0	1	0
22973033	0	2	0
23001402	0	1	0
23073356	0	1	0
23091946	0	1	0
23126109	0	1	0
23139557	0	1	0
23146994	0	2	0
23163713	0	4	0
23173093	0	1	0
23186479	0	1	0
23205922	0	1	0
23220219	0	1	0
23226162	0	3	0
23242647	0	1	0
23280189	0	1	0
23293355	0	2	0
23295658	0	1	0
23297106	0	3	0
23312344	0	1	0
23353515	0	1	0
23397466	0	2	0
23445443	0	1	0
23461779	0	1	0
23494977	0	1	0
23519895	0	1	0
23559590	0	1	0
23567783	0	1	0
23592932	0	7	0
23617042	0	1	0
23644616	0	1	0
23657077	0	2	0
23663311	0	1	0
23666094	0	1	0
23688251	0	1	0
23706212	0	1	0
23707378	0	3	0
23780414	0	1	0
23837100	0	2	0
23838505	0	1	0
23839181	0	1	0
23846788	0	1	0
23850576	0	2	0
23850989	0	1	0
23854075	0	1	0
23858736	0	2	0
23880118	0	1	0
23891480	0	2	0
23901303	0	2	0
24030819	0	2	0
24036512	0	1	0
24039229	0	1	0
24048935	0	1	0
24059761	0	2	0
24103121	0	1	0
24121780	0	1	0
24145759	0	2	0
24163999	0	1	0
24191754	0	2	0
24196200	0	1	0
24197646	0	1	0
24205372	0	1	0
24208904	0	1	0
24209934	0	1	0
24227125	0	1	0
24262422	0	1	0
24264432	0	1	0
24267921	0	1	0
24269365	0	1	0
24287756	0	1	0
24307540	0	3	0
24337790	0	1	0
24340785	0	1	0
24356531	0	1	0
24366410	0	4	0
24371419	0	0	1
24425907	0	1	0
24461919	0	2	0
24485799	0	1	0
24504174	0	1	0
24533966	0	1	0
24585569	0	1	0
24608553	0	1	0
24612193	0	1	0
24651482	0	1	0
24656758	0	2	0
24664686	0	3	0
24688052	0	1	0
24727666	0	1	0
24733625	0	1	0
24748440	0	1	0
24757511	0	1	0
24779880	0	1	0
24783783	0	1	0
24866425	0	1	0
24868796	0	1	0
24989686	0	1	0
24990364	0	0	1
24994891	0	1	0
25027899	0	1	0
25039782	0	1	0
25052485	0	1	0
25082535	0	2	0
25122209	0	1	0
25169442	0	2	0
25172461	0	1	0
25180642	0	1	0
25184842	0	1	0
25194158	0	1	0
25208584	0	1	0
25241357	0	2	0
25301055	0	1	0
25301720	0	1	0
25354956	0	1	0
25359567	0	1	0
25363364	0	1	0
25414258	0	1	0
25417258	0	1	0
25432690	0	3	0
25433701	0	0	1
25446197	0	1	0
25455561	0	2	0
25489413	0	1	0
25505798	0	1	0
25513136	0	1	0
25533004	0	1	0
25553645	0	1	0
25581979	0	1	0
25632616	0	1	0
25636811	0	1	0
25650705	0	0	1
25657224	0	2	0
25664351	0	2	0
25686502	0	1	0
25687349	0	1	0
25695018	0	0	1
25696457	0	1	0
25697212	0	5	0
25704109	0	3	0
25723787	0	1	0
25765356	0	1	0
25802732	0	1	0
25806480	0	1	0
25808496	0	1	0
25824338	0	1	0
25884736	0	2	0
25894261	0	2	0
25920461	0	1	0
25926304	0	1	0
25927055	0	1	0
25942518	0	2	0
25980055	0	1	0
25989921	0	4	0
25990192	0	1	0
26005026	0	2	0
26010675	0	2	0
26019669	0	0	1
26080700	0	1	0
26105980	0	1	0
26152689	0	2	0
26164300	0	1	0
26205728	0	2	0
26241562	0	1	0
26241699	0	3	0
26252837	0	1	0
26258958	0	1	0
26282359	0	1	0
26299103	0	2	0
26326915	0	1	0
26346915	0	1	0
26352061	0	5	0
26361996	0	1	0
26394369	0	4	0
26406184	0	1	0
26415996	0	4	0
26425406	0	1	0
26431027	0	1	0
26471128	0	2	0
26492846	0	1	0
26494498	0	1	0
26496662	0	1	0
26496671	0	1	0
26496691	0	1	0
26502223	0	7	0
26512789	0	1	0
26515898	0	1	0
26548182	0	1	0
26554368	0	1	0
26589177	0	1	0
26605041	0	1	0
26615569	0	1	0
26619790	0	1	0
26624565	0	1	0
26635631	0	1	0
26697268	0	1	0
26701753	0	3	0
26710761	0	2	0
26719027	0	1	0
26733343	0	1	0
26769016	0	1	0
26786694	0	1	0
26796231	0	1	0
26812428	0	1	0
26817462	0	3	0
26851799	0	1	0
26915288	0	1	0
26959141	0	5	0
26960640	0	1	0
26979960	0	1	0
27010905	0	1	0
27049569	0	2	0
27051575	0	0	1
27060803	0	1	0
27090716	0	1	0
27093156	0	2	0
27105989	0	1	0
27122585	0	1	0
27131798	0	1	0
27141763	0	1	0
27185742	0	1	0
27194398	0	1	0
27210933	0	1	0
27218900	0	1	0
27232293	0	1	0
27311910	0	1	0
27326943	0	2	0
27358957	0	1	0
27380795	0	2	0
27386311	0	1	0
27456451	0	1	0
27459740	0	2	0
27472698	0	1	0
27504770	0	1	0
27505544	0	1	0
27516816	0	8	0
27526574	0	1	0
27557005	0	4	0
27570871	0	3	0
27574183	0	2	0
27637314	0	1	0
27676519	0	1	0
27739746	0	1	0
27780157	0	3	0
27794117	0	2	0
27866685	0	1	0
27870732	0	1	0
27896544	0	2	0
27917627	0	1	0
27920357	0	5	0
27927584	0	1	0
27929000	0	1	0
27942967	0	1	0
27946904	0	1	0
27969650	0	1	0
28015174	0	1	0
28043490	0	1	0
28049148	0	1	0
28070279	0	1	0
28101808	0	2	0
28148020	0	0	1
28178984	0	3	0
28195724	0	1	0
28202359	0	1	0
28203869	0	3	0
28308069	0	1	0
28309285	0	1	0
28326698	0	1	0
28374540	0	1	0
28388439	0	1	0
28395966	0	1	0
28406536	0	1	0
28415522	0	2	0
28423421	0	2	0
28443586	0	1	0
28467202	0	1	0
28476328	0	1	0
28515215	0	1	0
28524353	0	4	0
28538033	0	1	0
28595790	0	2	0
28600560	0	2	0
28600592	0	1	0
28607963	0	1	0
28622153	0	1	0
28625939	0	1	0
28628386	0	1	0
28634566	0	1	0
28670798	0	1	0
28673059	0	2	0
28675866	0	1	0
28699805	0	1	0
28761289	0	8	0
28784356	0	1	0
28826499	0	1	0
28831417	0	1	0
28868905	0	2	0
28874266	0	1	0
28878458	0	2	0
28887171	0	1	0
28927845	0	1	0
28959840	0	1	0
29005426	0	1	0
29045113	0	2	0
29093110	0	1	0
29126774	0	1	0
29164186	0	1	0
29186187	0	2	0
29195842	0	1	0
29236058	0	2	0
29249129	0	1	0
29249262	0	1	0
29312680	0	4	0
29458213	0	1	0
29463824	0	1	0
29473287	0	1	0
29491345	0	1	0
29512913	0	1	0
29514906	0	1	0
29530567	0	1	0
29543253	0	1	0
29546387	0	1	0
29568650	0	2	0
29637563	0	1	0
29643846	0	1	0
29687334	0	1	0
29756167	0	1	0
29773641	0	1	0
29836817	0	1	0
29842090	0	1	0
29860971	0	2	0
29887359	0	2	0
29888574	0	1	0
29903346	0	2	0
29910979	0	1	0
29916192	0	1	0
29933093	0	3	0
29981093	0	2	0
30024897	0	1	0
30138019	0	1	0
30156825	0	2	0
30173567	0	2	0
30208684	0	1	0
30213701	0	1	0
30284445	0	2	0
30322713	0	1	0
30329522	0	1	0
30391429	0	1	0
30420870	0	1	0
30439017	0	1	0
30453392	0	1	0
30468962	0	1	0
30487389	0	1	0
30494452	0	2	0
30527160	0	1	0
30545886	0	1	0
30550341	0	1	0
30587060	0	2	0
30610412	0	1	0
30652441	0	1	0
30656229	0	1	0
30659640	0	1	0
30669750	0	1	0
30670325	0	1	0
30708371	0	1	0
30779869	0	1	0
30902215	0	1	0
30923805	0	1	0
30963911	0	1	0
30989035	0	1	0
30992864	0	1	0
30998119	0	1	0
31011059	0	1	0
31031740	0	2	0
31034244	0	2	0
31066569	0	1	0
31111163	0	1	0
31133331	0	1	0
31161560	0	1	0
31189148	0	1	0
31204254	0	1	0
31357107	0	2	0
31367018	0	1	0
31389800	0	1	0
31432886	0	0	1
31452362	0	1	0
31463610	0	1	0
31513008	0	2	0
31522422	0	2	0
31545584	0	1	0
31584409	0	1	0
31595096	0	1	0
31672267	0	5	0
31687235	0	1	0
31750467	0	1	0
31766571	0	6	0
31769564	0	1	0
31785590	0	1	0
31818574	0	1	0
31835593	0	1	0
31884272	0	1	0
31891286	0	1	0
31894256	0	1	0
31928374	0	1	0
31957095	0	2	0
32013814	0	1	0
32051509	0	1	0
32068509	0	1	0
32075315	0	1	0
32078836	0	0	1
32110874	0	1	0
32111000	0	1	0
32181375	0	1	0
32217008	0	1	0
32231846	0	1	0
32262625	0	2	0
32263242	0	1	0
32274253	0	1	0
32299805	0	1	0
32335914	0	1	0
32346369	0	1	0
32346976	0	1	0
32360419	0	1	0
32364282	0	1	0
32377412	0	1	0
32384379	0	2	0
32394653	0	1	0
32417092	0	2	0
32480775	0	1	0
32483607	0	1	0
32558288	0	2	0
32561695	0	1	0
32571004	0	1	0
32596400	0	1	0
32627680	0	0	1
32678441	0	1	0
32684308	0	1	0
32692712	0	1	0
32701201	0	1	0
32723075	0	1	0
32734751	0	1	0
32747611	0	1	0
32756836	0	1	0
32810570	0	4	0
32813447	0	1	0
32823226	0	1	0
32830721	0	1	0
32837034	0	1	0
32874818	0	1	0
32876525	0	1	0
32900714	0	1	0
32913247	0	1	0
32986568	0	1	0
33033444	0	1	0
33045193	0	6	0
33059222	0	1	0
33066951	0	1	0
33079934	0	1	0
33133074	0	2	0
33153193	0	1	0
33191485	0	1	0
33194315	0	1	0
33231572	0	2	0
33233040	0	2	0
33236057	0	1	0
33355829	0	1	0
33378136	0	1	0
33383393	0	6	0
33389531	0	2	0
33402819	0	1	0
33411147	0	2	0
33418155	0	1	0
33449428	0	1	0
33483429	0	1	0
33531861	0	6	0
33574218	0	4	0
33577756	0	1	0
33582175	0	2	0
33607218	0	1	0
33644660	0	2	0
33657604	0	1	0
33691257	0	1	0
33771540	0	1	0
33787878	0	1	0
33814387	0	1	0
33822162	0	1	0
33854072	0	1	0
33856015	0	1	0
33876453	0	1	0
33877227	0	1	0
33883269	0	2	0
33883349	0	1	0
33885941	0	1	0
33885946	0	1	0
33904960	0	1	0
33928578	0	1	0
33931283	0	1	0
33949171	0	1	0
33949716	0	1	0
33962403	0	0	1
33962446	0	1	0
33977856	0	1	0
33998505	0	1	0
34049852	0	2	0
34077704	0	4	0
34101026	0	2	0
34117544	0	1	0
34127765	0	1	0
34261373	0	2	0
34270596	0	1	0
34273154	0	1	0
34293595	0	1	0
34326924	0	2	0
34350078	0	0	1
34355192	0	1	0
34373678	0	2	0
34394585	0	1	0
34461309	0	1	0
34467392	0	0	1
34495862	0	1	0
34498016	0	2	0
34525901	0	2	0
34547216	0	1	0
34552916	0	1	0
34571105	0	1	0
34588659	0	2	0
34621481	0	3	0
34623918	0	1	0
34640094	0	1	0
34647628	0	1	0
34658044	0	1	0
34679863	0	2	0
34727288	0	1	0
34746953	0	1	0
34747297	0	3	0
34793284	0	1	0
34802411	0	1	0
34838132	0	1	0
34839569	0	2	0
34839674	0	2	0
34852864	0	1	0
34877706	0	2	0
34889868	0	1	0
34929348	0	2	0
34939135	0	2	0
34963933	0	1	0
35015873	0	2	0
35023650	0	1	0
35055113	0	1	0
35061179	0	0	1
35063434	0	1	0
35122375	0	1	0
35123618	0	3	0
35141894	0	2	0
35182043	0	1	0
35247469	0	1	0
35259450	0	1	0
35270341	0	1	0
35277251	0	1	0
35279626	0	1	0
35381579	0	1	0
35389461	0	1	0
35389473	0	1	0
35446139	0	1	0
35453307	0	1	0
35536917	0	1	0
35585141	0	1	0
35595872	0	1	0
35667193	0	1	0
35669270	0	1	0
35723919	0	2	0
35739905	0	1	0
35750848	0	1	0
35755391	0	1	0
35762554	0	1	0
35827645	0	1	0
35838584	0	1	0
35901291	0	1	0
35926167	0	1	0
35972426	0	1	0
35984008	0	1	0
36037870	0	1	0
36096964	0	1	0
36105067	0	1	0
36163768	0	1	0
36165279	0	1	0
36203713	0	1	0
36206295	0	1	0
36221269	0	1	0
36230084	0	1	0
36232405	0	1	0
36265830	0	2	0
36278358	0	4	0
36285088	0	1	0
36303668	0	1	0
36312976	0	1	0
36336115	0	3	0
36352383	0	2	0
36372560	0	4	0
36402840	0	3	0
36403020	0	1	0
36471915	0	2	0
36497910	0	1	0
36648664	0	1	0
36666226	0	1	0
36666868	0	1	0
36756734	0	1	0
36759303	0	1	0
36783334	0	1	0
36789666	0	1	0
36801452	0	2	0
36844970	0	1	0
36860740	0	1	0
36890811	0	2	0
36913687	0	1	0
36928392	0	1	0
36931852	0	1	0
36966224	0	3	0
36967812	0	1	0
37010972	0	1	0
37130097	0	1	0
37145045	0	6	0
37209840	0	1	0
37220143	0	1	0
37290371	0	1	0
37427431	0	1	0
37440670	0	1	0
37464124	0	3	0
37466079	0	2	0
37478457	0	1	0
37521151	0	1	0
37540718	0	1	0
37561500	0	1	0
37576475	0	3	0
37611970	0	1	0
37617916	0	0	1
37635307	0	2	0
37636552	0	3	0
37668932	0	1	0
37678626	0	1	0
37692600	0	2	0
37736597	0	1	0
37764048	0	1	0
37767199	0	1	0
37794556	0	2	0
37795647	0	1	0
37798620	0	1	0
37799142	0	1	0
37830219	0	4	0
37858294	0	1	0
37875088	0	1	0
37882770	0	1	0
37910959	0	2	0
37931976	0	1	0
37992050	0	1	0
38038191	0	1	0
38117208	0	2	0
38156604	0	2	0
38229555	0	1	0
38264677	0	2	0
38292137	0	1	0
38331822	0	1	0
38379133	0	1	0
38419729	0	1	0
38469310	0	3	0
38480575	0	1	0
38483506	0	1	0
38485353	0	1	0
38487417	0	1	0
38529798	0	1	0
38548107	0	0	1
38568807	0	1	0
38586251	0	1	0
38618802	0	1	0
38671984	0	1	0
38721640	0	2	0
38776126	0	1	0
38781692	0	3	0
38822129	0	2	0
38826321	0	1	0
38837133	0	1	0
38837924	0	2	0
38847321	0	1	0
38873430	0	1	0
38906680	0	1	0
38935366	0	1	0
38990921	0	1	0
39003939	0	2	0
39009606	0	1	0
39012496	0	2	0
39027727	0	1	0
39038768	0	4	0
39102328	0	1	0
39102387	0	1	0
39104839	0	1	0
39127654	0	2	0
39143842	0	1	0
39155327	0	2	0
39179699	0	3	0
39189013	0	1	0
39200784	0	1	0
39216517	0	1	0
39273295	0	1	0
39298301	0	1	0
39329344	0	4	0
39370011	0	1	0
39384769	0	0	1
39397703	0	1	0
39397708	0	1	0
39402457	0	3	0
39408615	0	1	0
39421360	0	1	0
39458785	0	3	0
39459224	0	1	0
39486455	0	0	1
39490289	0	1	0
39537080	0	2	0
39599775	0	1	0
39607801	0	1	0
39656926	0	5	0
39682242	0	7	0
39730986	0	1	0
39746108	0	1	0
39774176	0	1	0
39815890	0	1	0
39843690	0	1	0
39851117	0	2	0
39863485	0	1	0
39864648	0	2	0
39896242	0	1	0
39899295	0	6	0
39902640	0	1	0
39997024	0	1	0
40006641	0	1	0
40006757	0	1	0
40068477	0	1	0
40107455	0	1	0
40120833	0	3	0
40134425	0	2	0
40146839	0	1	0
40146915	0	0	1
40246713	0	2	0
40283480	0	2	0
40290204	0	1	0
40294940	0	1	0
40351029	0	2	0
40355039	0	2	0
40355203	0	4	0
40376135	0	5	0
40397590	0	3	0
40403772	0	1	0
40450043	0	1	0
40468610	0	1	0
40533862	0	1	0
40546958	0	1	0
40547349	0	1	0
40553300	0	1	0
40618065	0	1	0
40623487	0	1	0
40634680	0	1	0
40641461	0	1	0
40715800	0	1	0
40732292	0	1	0
40747334	0	3	0
40759533	0	1	0
40771720	0	3	0
40823119	0	4	0
40830918	0	1	0
40865529	0	1	0
40877184	0	2	0
40886553	0	1	0
40959301	0	0	1
41006517	0	1	0
41037783	0	1	0
41074667	0	1	0
41123999	0	1	0
41149564	0	1	0
41163051	0	1	0
41169200	0	1	0
41176307	0	1	0
41182776	0	2	0
41230611	0	1	0
41297072	0	5	0
41413824	0	1	0
41459112	0	1	0
41499501	0	2	0
41500101	0	1	0
41525813	0	2	0
41547678	0	4	0
41550357	0	1	0
41553462	0	1	0
41556145	0	1	0
41557622	0	0	1
41581395	0	1	0
41598825	0	1	0
41640671	0	1	0
41651579	0	2	0
41658781	0	1	0
41682701	0	0	1
41685558	0	1	0
41693183	0	2	0
41729853	0	1	0
41731097	0	1	0
41786994	0	1	0
41832632	0	1	0
41839954	0	2	0
41844621	0	1	0
41863306	0	7	0
42007784	0	2	0
42029658	0	1	0
42041084	0	1	0
42063971	0	1	0
42071633	0	1	0
42073822	0	1	0
42083693	0	2	0
42125593	0	1	0
42197811	0	1	0
42203533	0	1	0
42225794	0	1	0
42279018	0	1	0
42306722	0	1	0
42316586	0	1	0
42395055	0	2	0
42415719	0	2	0
42428447	0	1	0
42442291	0	1	0
42478341	0	1	0
42479571	0	1	0
42490042	0	1	0
42537072	0	0	1
42555269	0	3	0
42576365	0	3	0
42584547	0	1	0
42591708	0	1	0
42644935	0	2	0
42655714	0	1	0
42655993	0	4	0
42658633	0	0	1
42661851	0	1	0
42686195	0	1	0
42741818	0	4	0
42843761	0	1	0
42853766	0	1	0
42945644	0	1	0
42985549	0	2	0
42993549	0	1	0
43007492	0	1	0
43015136	0	2	0
43087116	0	1	0
43123407	0	1	0
43176149	0	1	0
43199122	0	2	0
43226692	0	1	0
43310820	0	1	0
43341134	0	1	0
43389535	0	1	0
43460494	0	0	1
43466306	0	1	0
43487466	0	0	1
43511045	0	1	0
43511080	0	2	0
43511123	0	1	0
43511135	0	1	0
43543823	0	1	0
43611500	0	2	0
43612096	0	1	0
43624488	0	2	0
43624739	0	3	0
43639999	0	1	0
43729390	0	1	0
43747247	0	1	0
43794529	0	1	0
43810900	0	1	0
43857563	0	1	0
43859945	0	1	0
43869500	0	1	0
43889490	0	1	0
43920074	0	1	0
43937915	0	1	0
43955022	0	1	0
43961028	0	2	0
43968472	0	1	0
43972054	0	1	0
44009744	0	1	0
44012918	0	1	0
44036563	0	1	0
44048572	0	1	0
44065252	0	1	0
44109575	0	1	0
44119979	0	1	0
44121924	0	2	0
44131958	0	1	0
44147792	0	1	0
44171610	0	1	0
44173186	0	2	0
44173260	0	1	0
44279272	0	1	0
44304062	0	4	0
44315146	0	1	0
44316405	0	1	0
44326761	0	1	0
44353999	0	1	0
44376481	0	1	0
44377898	0	3	0
44381862	0	1	0
44405439	0	4	0
44443124	0	1	0
44461953	0	1	0
44474661	0	1	0
44489571	0	1	0
44533170	0	1	0
44681946	0	1	0
44737982	0	1	0
44771997	0	1	0
44813532	0	1	0
44818610	0	0	1
44835029	0	2	0
44859700	0	3	0
44871563	0	1	0
44911121	0	1	0
44915229	0	1	0
44915368	0	1	0
44980381	0	1	0
45003523	0	3	0
45021411	0	1	0
45033839	0	1	0
45047178	0	2	0
45084436	0	1	0
45150719	0	1	0
45155795	0	1	0
45177262	0	2	0
45189220	0	2	0
45198267	0	1	0
45212736	0	1	0
45276027	0	1	0
45286412	0	1	0
45293947	0	1	0
45297212	0	2	0
45303592	0	1	0
45374116	0	1	0
45418813	0	1	0
45442963	0	1	0
45480424	0	1	0
45510452	0	1	0
45517340	0	1	0
45525667	0	1	0
45538256	0	1	0
45570949	0	5	0
45609363	0	2	0
45696005	0	1	0
45720155	0	1	0
45722105	0	4	0
45727293	0	1	0
45758026	0	2	0
45799413	0	2	0
45805354	0	1	0
45810569	0	2	0
45870907	0	1	0
45894394	0	1	0
45909638	0	1	0
45988938	0	1	0
45992447	0	4	0
46016697	0	1	0
46022646	0	1	0
46040779	0	1	0
46056372	0	1	0
46061268	0	1	0
46077435	0	1	0
46081428	0	1	0
46090309	0	1	0
46096380	0	1	0
46098260	0	1	0
46131807	0	1	0
46137253	0	1	0
46139218	0	1	0
46165931	0	1	0
46197002	0	1	0
46228178	0	1	0
46274836	0	1	0
46317960	0	1	0
46416880	0	1	0
46463938	0	1	0
46515453	0	1	0
46543375	0	1	0
46597519	0	2	0
46613585	0	0	1
46626909	0	2	0
46648795	0	1	0
46651224	0	1	0
46660373	0	1	0
46679948	0	5	0
46687167	0	1	0
46721983	0	0	1
46784805	0	1	0
46802924	0	2	0
46809947	0	3	0
46815458	0	3	0
46838116	0	1	0
46856038	0	0	1
46953503	0	2	0
47091203	0	1	0
47096944	0	1	0
47209075	0	1	0
47214782	0	1	0
47222042	0	1	0
47234874	0	3	0
47247075	0	1	0
47285836	0	1	0
47309698	0	1	0
47324930	0	1	0
47343731	0	1	0
47389408	0	1	0
47419844	0	1	0
47445694	0	1	0
47459107	0	1	0
47496187	0	1	0
47536500	0	3	0
47543643	0	3	0
47544347	0	1	0
47566535	0	1	0
47594057	0	1	0
47640235	0	1	0
47707789	0	1	0
47768039	0	1	0
47782145	0	4	0
47787429	0	1	0
47822761	0	0	1
47822800	0	0	1
47850669	0	2	0
47935154	0	1	0
47951110	0	1	0
47972539	0	1	0
48019648	0	1	0
48020293	0	2	0
48022314	0	1	0
48042422	0	1	0
48121472	0	1	0
48140645	0	1	0
48140687	0	2	0
48213186	0	1	0
48327125	0	2	0
48350832	0	3	0
48370751	0	2	0
48371150	0	1	0
48444211	0	2	0
48476850	0	1	0
48491917	0	1	0
48525728	0	1	0
48531701	0	1	0
48542346	0	3	0
48543203	0	1	0
48586290	0	1	0
48586857	0	1	0
48598948	0	3	0
48669459	0	1	0
48815627	0	1	0
48851517	0	2	0
48857131	0	1	0
48864341	0	1	0
48882701	0	1	0
48884078	0	2	0
48884318	0	1	0
48897606	0	2	0
48924352	0	1	0
48934250	0	1	0
48948501	0	3	0
49049883	0	1	0
49085111	0	1	0
49099727	0	1	0
49118172	0	1	0
49153384	0	1	0
49186995	0	1	0
49229472	0	1	0
49234990	0	1	0
49386714	0	1	0
49476126	0	1	0
49483478	0	1	0
49595286	0	1	0
49627015	0	1	0
49629055	0	1	0
49638775	0	1	0
49650993	0	1	0
49652272	0	1	0
49726220	0	2	0
49736577	0	1	0
49783387	0	3	0
49943368	0	1	0
49953281	0	1	0
49995161	0	1	0
50028663	0	1	0
50029377	0	1	0
50058523	0	5	0
50061761	0	1	0
50068857	0	1	0
50128523	0	1	0
50138842	0	1	0
50144934	0	4	0
50162893	0	1	0
50311664	0	1	0
50318260	0	1	0
50338092	0	1	0
50448841	0	1	0
50456488	0	1	0
50470619	0	1	0
50537714	0	2	0
50539170	0	2	0
50553676	0	3	0
50563280	0	1	0
50573722	0	4	0
50582248	0	1	0
50668497	0	1	0
50739436	0	1	0
50781435	0	1	0
50785208	0	1	0
50813029	0	1	0
50853913	0	2	0
50874625	0	1	0
50956225	0	1	0
50996602	0	2	0
51032902	0	2	0
51036827	0	1	0
51038219	0	1	0
51051771	0	1	0
51078695	0	3	0
51157391	0	1	0
51265548	0	1	0
51363987	0	1	0
51458825	0	3	0
51493470	0	2	0
51514501	0	4	0
51520118	0	1	0
51530238	0	2	0
51565528	0	1	0
51570448	0	1	0
51638872	0	2	0
51671729	0	1	0
51707370	0	1	0
51731140	0	1	0
51791598	0	1	0
51796207	0	1	0
51823239	0	1	0
51886586	0	1	0
51906960	0	1	0
51908601	0	1	0
51931787	0	1	0
51940107	0	1	0
51948171	0	1	0
51949759	0	1	0
52001828	0	1	0
52024121	0	1	0
52145378	0	1	0
52161070	0	1	0
52163241	0	1	0
52183293	0	2	0
52260415	0	1	0
52350337	0	1	0
52376632	0	1	0
52377610	0	1	0
52423028	0	6	0
52455890	0	1	0
52458076	0	1	0
52488497	0	1	0
52527814	0	0	1
52534668	0	3	0
52538616	0	1	0
52561893	0	2	0
52603778	0	1	0
52653270	0	2	0
52671088	0	1	0
52699164	0	1	0
52710161	0	1	0
52770799	0	1	0
52798175	0	1	0
52804452	0	1	0
52839898	0	2	0
52846184	0	1	0
52879304	0	1	0
52885343	0	1	0
52890244	0	1	0
52929831	0	1	0
52935466	0	1	0
52956295	0	4	0
52960011	0	1	0
52980620	0	2	0
53004971	0	1	0
53087737	0	1	0
53145625	0	1	0
53160546	0	1	0
53170988	0	2	0
53173347	0	1	0
53341631	0	2	0
53348709	0	3	0
53357710	0	1	0
53436052	0	1	0
53462027	0	1	0
53496236	0	1	0
53610307	0	1	0
53618191	0	2	0
53637820	0	1	0
53688264	0	1	0
53748059	0	1	0
53749729	0	1	0
53753945	0	1	0
53799347	0	2	0
53802939	0	1	0
53947331	0	1	0
53972033	0	4	0
53982033	0	1	0
54002416	0	1	0
54040971	0	1	0
54071514	0	2	0
54103643	0	1	0
54117095	0	1	0
54118845	0	1	0
54133068	0	1	0
54148041	0	2	0
54149417	0	3	0
54149424	0	1	0
54183288	0	1	0
54245963	0	1	0
54272780	0	1	0
54273885	0	1	0
54296595	0	1	0
54301270	0	1	0
54318577	0	4	0
54342310	0	2	0
54370943	0	3	0
54377846	0	2	0
54399960	0	1	0
54415251	0	3	0
54439205	0	1	0
54445208	0	1	0
54478312	0	1	0
54498065	0	2	0
54510040	0	1	0
54511223	0	0	1
54527411	0	1	0
54560756	0	1	0
54563651	0	1	0
54662372	0	1	0
54713616	0	2	0
54754476	0	2	0
54763742	0	1	0
54775018	0	1	0
54790427	0	1	0
54807243	0	1	0
54892544	0	1	0
54936897	0	1	0
54989478	0	1	0
55000764	0	1	0
55005540	0	1	0
55040866	0	1	0
55078128	0	1	0
55109400	0	1	0
55308467	0	4	0
55338207	0	1	0
55356256	0	1	0
55361539	0	1	0
55365324	0	1	0
55420607	0	1	0
55442420	0	1	0
55471612	0	1	0
55479063	0	1	0
55516463	0	1	0
55588848	0	1	0
55613442	0	1	0
55616320	0	3	0
55639529	0	1	0
55660626	0	0	1
55861143	0	3	0
56023317	0	4	0
56114738	0	1	0
56130372	0	1	0
56157159	0	2	0
56177865	0	1	0
56222030	0	2	0
56251491	0	1	0
56288794	0	1	0
56305554	0	2	0
56368476	0	1	0
56420574	0	1	0
56476037	0	1	0
56502323	0	2	0
56563334	0	4	0
56585156	0	1	0
56618401	0	1	0
56626104	0	2	0
56637562	0	1	0
56673290	0	1	0
56689642	0	3	0
56692603	0	1	0
56700865	0	3	0
56793092	0	1	0
56814245	0	3	0
56818985	0	1	0
56832811	0	1	0
56847242	0	1	0
56878475	0	1	0
56901994	0	1	0
56909379	0	2	0
56963744	0	1	0
57013100	0	1	0
57027493	0	1	0
57058831	0	2	0
57060523	0	2	0
57114537	0	1	0
57137543	0	1	0
57139625	0	1	0
57186652	0	0	1
57303425	0	1	0
57306944	0	2	0
57355517	0	1	0
57457841	0	2	0
57603218	0	3	0
57618237	0	1	0
57638782	0	1	0
57650986	0	2	0
57736276	0	1	0
57746429	0	1	0
57767165	0	2	0
57775482	0	3	0
57943498	0	3	0
57977725	0	1	0
58001736	0	1	0
58029472	0	1	0
58040661	0	1	0
58047765	0	2	0
58133836	0	1	0
58197913	0	1	0
58203591	0	1	0
58204743	0	1	0
58264554	0	1	0
58298045	0	1	0
58306955	0	1	0
58416923	0	2	0
58426684	0	1	0
58484851	0	2	0
58503940	0	1	0
58588808	0	1	0
58592458	0	1	0
58678587	0	1	0
58696507	0	1	0
58702418	0	3	0
58892855	0	2	0
59003681	0	1	0
59037452	0	1	0
59116860	0	3	0
59142285	0	1	0
59145113	0	1	0
59148489	0	1	0
59156196	0	1	0
59324116	0	1	0
59335287	0	2	0
59342360	0	1	0
59364508	0	1	0
59385496	0	1	0
59421134	0	1	0
59489652	0	1	0
59581434	0	1	0
59603558	0	1	0
59622774	0	1	0
59681573	0	2	0
59772560	0	3	0
59819822	0	1	0
59869410	0	1	0
59870496	0	1	0
59913732	0	1	0
59983829	0	1	0
59995266	0	1	0
60020179	0	2	0
60057525	0	1	0
60063884	0	1	0
60088432	0	1	0
60104539	0	1	0
60108704	0	1	0
60115409	0	1	0
60134244	0	1	0
60167877	0	1	0
60239882	0	1	0
60319045	0	2	0
60360131	0	1	0
60387651	0	1	0
60417485	0	1	0
60448639	0	1	0
60461703	0	2	0
60474719	0	0	1
60476171	0	2	0
60544184	0	10	0
60599901	0	2	0
60639890	0	1	0
60697177	0	1	0
60723167	0	5	0
60767364	0	5	0
60782047	0	1	0
60792348	0	1	0
60821031	0	1	0
60846962	0	1	0
60855114	0	1	0
60937223	0	1	0
60942713	0	0	1
60986213	0	3	0
61031923	0	1	0
61080920	0	1	0
61087190	0	1	0
61131234	0	1	0
61159411	0	4	0
61180896	0	1	0
61202684	0	2	0
61242780	0	1	0
61262687	0	1	0
61300643	0	1	0
61308059	0	0	1
61308081	0	1	0
61312662	0	1	0
61319747	0	1	0
61449278	0	1	0
61456083	0	1	0
61456165	0	1	0
61475091	0	1	0
61478203	0	2	0
61481531	0	1	0
61509911	0	1	0
61529678	0	1	0
61557414	0	1	0
61595784	0	1	0
61607189	0	1	0
61615228	0	1	0
61679832	0	1	0
61709491	0	1	0
61768133	0	0	1
61794951	0	1	0
61810940	0	1	0
61875085	0	1	0
61911995	0	1	0
61961079	0	1	0
62043547	0	1	0
62112783	0	1	0
62150877	0	1	0
62154419	0	1	0
62214221	0	2	0
62286220	0	1	0
62322243	0	3	0
62348358	0	2	0
62368604	0	2	0
62464217	0	2	0
62480736	0	1	0
62490664	0	2	0
62502426	0	2	0
62521588	0	3	0
62527690	0	1	0
62559199	0	1	0
62581396	0	1	0
62621851	0	1	0
62623476	0	2	0
62628447	0	2	0
62630757	0	2	0
62647891	0	1	0
62717946	0	1	0
62721494	0	1	0
62785319	0	2	0
62785581	0	1	0
62915329	0	2	0
62969128	0	1	0
63091950	0	1	0
63163927	0	1	0
63217983	0	3	0
63224200	0	3	0
63298176	0	1	0
63313046	0	1	0
63360700	0	1	0
63366546	0	1	0
63386991	0	1	0
63392832	0	2	0
63512617	0	3	0
63543249	0	1	0
63591662	0	1	0
63604984	0	1	0
63628678	0	1	0
63690326	0	1	0
63777377	0	2	0
63805926	0	1	0
63866192	0	1	0
63947441	0	1	0
64032333	0	2	0
64033338	0	2	0
64242571	0	1	0
64333366	0	1	0
64368265	0	1	0
64368830	0	1	0
64372071	0	0	1
64375374	0	1	0
64412304	0	1	0
64620480	0	1	0
64623733	0	3	0
64753215	0	1	0
64757709	0	1	0
64793873	0	1	0
64806420	0	1	0
64821623	0	1	0
64837450	0	1	0
64867516	0	1	0
64937358	0	1	0
64967260	0	4	0
64971214	0	1	0
65003993	0	1	0
65087604	0	1	0
65108942	0	2	0
65151079	0	1	0
65179201	0	1	0
65180482	0	1	0
65189517	0	1	0
65244560	0	1	0
65272239	0	2	0
65322457	0	1	0
65447581	0	1	0
65542786	0	2	0
65564004	0	2	0
65631430	0	2	0
65691219	0	1	0
65813641	0	1	0
65831498	0	1	0
65892978	0	2	0
65895701	0	1	0
65915016	0	1	0
65922304	0	1	0
65924519	0	4	0
66048776	0	1	0
66060198	0	0	1
66064331	0	1	0
66070302	0	4	0
66082630	0	1	0
66092449	0	1	0
66096304	0	1	0
66097366	0	1	0
66110320	0	1	0
66114563	0	3	0
66119164	0	1	0
66181626	0	2	0
66234967	0	1	0
66276125	0	1	0
66327003	0	1	0
66390289	0	3	0
66507981	0	1	0
66589520	0	1	0
66604678	0	1	0
66620531	0	1	0
66642344	0	1	0
66716801	0	1	0
66722522	0	1	0
66722997	0	4	0
66769510	0	1	0
66801057	0	2	0
66885326	0	4	0
66885610	0	4	0
66988552	0	1	0
67077110	0	2	0
67093114	0	1	0
67135891	0	1	0
67140689	0	1	0
67142023	0	1	0
67243846	0	1	0
67249918	0	1	0
67276154	0	2	0
67307881	0	1	0
67389917	0	1	0
67430700	0	6	0
67607068	0	1	0
67721470	0	1	0
67774785	0	2	0
67777337	0	1	0
67789009	0	1	0
67795293	0	2	0
67801250	0	1	0
67823777	0	1	0
67917511	0	1	0
67932137	0	1	0
68005623	0	1	0
68007891	0	1	0
68110854	0	1	0
68173826	0	2	0
68197528	0	1	0
68241155	0	3	0
68252376	0	4	0
68267515	0	2	0
68307243	0	1	0
68344869	0	1	0
68358753	0	1	0
68359854	0	1	0
68427240	0	1	0
68457298	0	1	0
68458373	0	1	0
68602709	0	3	0
68726393	0	2	0
68726503	0	1	0
68852360	0	1	0
68885152	0	1	0
68896935	0	1	0
68950816	0	0	1
69119349	0	1	0
69185442	0	1	0
69285558	0	1	0
69338809	0	1	0
69355322	0	1	0
69365139	0	1	0
69386853	0	1	0
69422879	0	1	0
69473567	0	1	0
69503757	0	1	0
69511597	0	3	0
69524275	0	1	0
69631310	0	1	0
69676707	0	1	0
69683284	0	1	0
69708074	0	1	0
69753004	0	0	1
69823824	0	1	0
69900133	0	2	0
69973602	0	2	0
69981489	0	1	0
70107185	0	1	0
70115914	0	2	0
70127715	0	1	0
70145007	0	1	0
70148594	0	1	0
70185215	0	1	0
70253356	0	1	0
70316117	0	1	0
70320321	0	1	0
70352490	0	1	0
70373162	0	1	0
70397400	0	1	0
70429539	0	1	0
70488258	0	1	0
70557895	0	2	0
70625623	0	2	0
70635276	0	1	0
70685710	0	1	0
70727441	0	1	0
70746105	0	1	0
70850589	0	0	1
70890161	0	1	0
70890162	0	1	0
70897681	0	1	0
70956446	0	1	0
71000029	0	2	0
71000950	0	5	0
71118134	0	4	0
71139638	0	3	0
71186401	0	3	0
71212640	0	2	0
71238570	0	1	0
71381391	0	1	0
71381402	0	2	0
71381432	0	1	0
71486189	0	1	0
71522812	0	3	0
71613468	0	1	0
71689251	0	1	0
71690322	0	3	0
71692440	0	2	0
71828935	0	1	0
71935434	0	1	0
71959597	0	1	0
72030108	0	1	0
72061079	0	1	0
72088951	0	2	0
72127510	0	1	0
72182810	0	1	0
72206230	0	2	0
72255190	0	1	0
72299688	0	1	0
72452905	0	1	0
72495884	0	2	0
72564468	0	1	0
72633903	0	2	0
72661230	0	1	0
72711502	0	1	0
72723729	0	1	0
72750127	0	1	0
72810698	0	8	0
72826149	0	2	0
72827971	0	2	0
73118359	0	3	0
73133992	0	2	0
73149414	0	1	0
73311655	0	1	0
73337452	0	1	0
73423327	0	1	0
73491863	0	1	0
73538902	0	1	0
73549492	0	1	0
73557012	0	1	0
73580447	0	1	0
73582849	0	1	0
73621288	0	1	0
73660113	0	2	0
73759326	0	1	0
73905328	0	1	0
73945213	0	1	0
74075674	0	1	0
74092775	0	1	0
74098649	0	1	0
74117992	0	3	0
74186647	0	1	0
74357646	0	1	0
74375212	0	1	0
74592011	0	0	1
74755130	0	1	0
74849053	0	1	0
74853876	0	3	0
74885623	0	1	0
74891159	0	2	0
74906961	0	1	0
74920484	0	1	0
74927037	0	2	0
74952664	0	3	0
74992878	0	2	0
75114542	0	1	0
75264017	0	1	0
75265560	0	1	0
75277960	0	1	0
75304225	0	3	0
75379397	0	1	0
75510937	0	1	0
75516648	0	1	0
75529791	0	1	0
75539938	0	2	0
75621092	0	1	0
75679320	0	1	0
75735615	0	1	0
75743877	0	1	0
75753284	0	2	0
75780040	0	4	0
75780508	0	1	0
75877515	0	2	0
75937116	0	1	0
75979971	0	1	0
76008918	0	1	0
76009405	0	5	0
76022780	0	1	0
76023801	0	1	0
76095172	0	2	0
76129276	0	1	0
76241069	0	1	0
76245745	0	1	0
76288497	0	1	0
76371651	0	1	0
76394844	0	1	0
76473390	0	0	1
76657431	0	1	0
76696644	0	2	0
76736194	0	1	0
76772236	0	1	0
76772604	0	2	0
76772622	0	1	0
76855311	0	2	0
76898466	0	2	0
76918841	0	2	0
76928037	0	0	1
76976061	0	4	0
76982361	0	1	0
77014690	0	1	0
77035252	0	1	0
77070677	0	2	0
77112260	0	1	0
77164927	0	1	0
77272852	0	2	0
77407034	0	1	0
77416654	0	1	0
77442837	0	1	0
77479606	0	1	0
77557500	0	3	0
77574472	0	1	0
77598396	0	1	0
77598783	0	1	0
77623005	0	1	0
77688176	0	1	0
77788390	0	1	0
77830301	0	1	0
77893684	0	2	0
77943541	0	1	0
78039644	0	1	0
78062031	0	3	0
78129906	0	1	0
78246269	0	3	0
78367322	0	1	0
78467819	0	1	0
78468002	0	1	0
78468023	0	2	0
78475419	0	1	0
78475437	0	1	0
78475446	0	1	0
78475448	0	1	0
78475451	0	3	0
78475461	0	1	0
78475478	0	1	0
78536515	0	4	0
78554558	0	1	0
78558550	0	1	0
78640276	0	2	0
78655097	0	2	0
78656067	0	1	0
78745413	0	2	0
78947165	0	1	0
79030887	0	1	0
79089328	0	1	0
79159492	0	3	0
79224378	0	1	0
79310345	0	2	0
79420261	0	1	0
79460475	0	1	0
79637609	0	1	0
79743429	0	1	0
79747986	0	2	0
79783107	0	2	0
79812905	0	1	0
79859508	0	1	0
79907939	0	1	0
79973329	0	2	0
79974876	0	2	0
80239901	0	1	0
80396565	0	1	0
80410056	0	1	0
80471998	0	1	0
80483544	0	2	0
80516836	0	1	0
80567025	0	3	0
80612669	0	1	0
80614350	0	3	0
80649435	0	2	0
80695257	0	1	0
80707292	0	1	0
80718884	0	1	0
80724869	0	1	0
80748399	0	1	0
80809597	0	2	0
80952149	0	1	0
80953378	0	2	0
80996169	0	1	0
81012735	0	1	0
81111916	0	1	0
81152105	0	2	0
81242306	0	3	0
81298239	0	1	0
81322502	0	1	0
81370902	0	1	0
81493659	0	1	0
81514600	0	1	0
81538266	0	1	0
81540243	0	3	0
81578362	0	0	1
81585540	0	1	0
81643558	0	1	0
81655934	0	1	0
81663985	0	1	0
81671425	0	7	0
81770867	0	1	0
81870090	0	1	0
81908152	0	1	0
81941744	0	1	0
81981941	0	1	0
82029740	0	2	0
82106894	0	1	0
82110996	0	2	0
82247120	0	2	0
82296865	0	1	0
82312827	0	1	0
82316828	0	1	0
82412036	0	4	0
82428048	0	2	0
82491900	0	1	0
82560007	0	1	0
82568641	0	1	0
82805597	0	1	0
82891444	0	1	0
83007966	0	1	0
83041624	0	2	0
83085206	0	1	0
83228909	0	1	0
83234025	0	1	0
83279328	0	3	0
83366704	0	1	0
83433349	0	1	0
83445115	0	1	0
83475425	0	1	0
83536414	0	1	0
83683995	0	1	0
83731982	0	1	0
83878426	0	1	0
83899438	0	2	0
83927272	0	3	0
83943223	0	2	0
83950607	0	1	0
83973759	0	1	0
83988196	0	2	0
83988540	0	1	0
83989607	0	1	0
84004735	0	1	0
84078625	0	1	0
84108459	0	0	1
84110790	0	1	0
84122272	0	1	0
84123056	0	0	1
84156876	0	1	0
84207687	0	1	0
84216885	0	3	0
84302024	0	1	0
84348910	0	2	0
84361827	0	1	0
84785966	0	1	0
84843189	0	1	0
84850165	0	2	0
84864819	0	3	0
84977378	0	2	0
84997412	0	1	0
85011447	0	1	0
85134304	0	1	0
85163355	0	1	0
85270357	0	1	0
85285159	0	1	0
85305465	0	2	0
85330936	0	1	0
85443623	0	1	0
85455549	0	1	0
85582439	0	1	0
85726478	0	1	0
85816164	0	1	0
85968635	0	1	0
86019175	0	1	0
86043475	0	1	0
86152769	0	1	0
86244723	0	1	0
86396332	0	1	0
86422362	0	1	0
86511664	0	1	0
86531356	0	1	0
86554166	0	3	0
86560234	0	1	0
86649745	0	1	0
86680661	0	1	0
86727283	0	1	0
86736321	0	1	0
86744124	0	2	0
86811147	0	1	0
86813971	0	1	0
86817819	0	1	0
86910599	0	2	0
86920249	0	3	0
86930858	0	1	0
86967719	0	2	0
87130461	0	1	0
87253942	0	1	0
87307218	0	2	0
87420694	0	1	0
87560306	0	1	0
87580613	0	1	0
87644040	0	3	0
87667274	0	1	0
87676240	0	1	0
87833181	0	1	0
87873703	0	2	0
87884543	0	2	0
87907712	0	1	0
87913072	0	2	0
87919218	0	1	0
87967327	0	1	0
88026469	0	1	0
88028920	0	1	0
88081396	0	1	0
88159020	0	1	0
88169259	0	2	0
88343722	0	4	0
88359174	0	4	0
88369619	0	0	1
88471621	0	1	0
88494518	0	1	0
88504485	0	1	0
88834181	0	6	0
88879775	0	1	0
88963786	0	1	0
89018153	0	1	0
89125156	0	1	0
89256756	0	1	0
89262722	0	2	0
89450525	0	1	0
89494312	0	4	0
89583994	0	2	0
89625038	0	1	0
89655114	0	2	0
89845641	0	1	0
89900579	0	1	0
89929009	0	1	0
89954021	0	1	0
90056679	0	1	0
90126780	0	1	0
90153116	0	1	0
90201226	0	0	1
90327880	0	1	0
90409954	0	1	0
90470990	0	1	0
90487237	0	4	0
90515502	0	1	0
90598454	0	1	0
90619011	0	3	0
90662454	0	1	0
90705117	0	1	0
90885256	0	1	0
90926893	0	2	0
90980087	0	0	1
91029921	0	1	0
91031966	0	1	0
91060758	0	1	0
91140237	0	1	0
91147918	0	1	0
91171728	0	1	0
91213128	0	1	0
91309205	0	1	0
91336213	0	1	0
91602276	0	1	0
91603476	0	3	0
91650831	0	1	0
91677038	0	0	1
91722367	0	1	0
91728729	0	2	0
91856388	0	1	0
92005036	0	1	0
92005315	0	1	0
92012744	0	2	0
92062895	0	2	0
92244597	0	1	0
92272555	0	4	0
92379868	0	1	0
92419392	0	1	0
92468993	0	1	0
92582309	0	1	0
92626388	0	1	0
92709728	0	1	0
92709760	0	1	0
92709762	0	1	0
92713702	0	1	0
92794760	0	1	0
92837024	0	1	0
92957410	0	1	0
92960846	0	1	0
92965236	0	1	0
93076432	0	1	0
93124314	0	1	0
93151971	0	1	0
93353796	0	1	0
93441196	0	1	0
93449685	0	1	0
93509755	0	3	0
93594731	0	4	0
93641255	0	1	0
93743981	0	1	0
93748110	0	1	0
93775719	0	1	0
93838382	0	4	0
93876883	0	1	0
93960523	0	3	0
94090865	0	2	0
94111931	0	1	0
94182406	0	1	0
94220352	0	2	0
94290195	0	4	0
94338181	0	1	0
94444441	0	1	0
94543240	0	1	0
94558495	0	1	0
94644862	0	1	0
94682797	0	2	0
94702634	0	2	0
94704601	0	5	0
94742014	0	1	0
94906332	0	1	0
94921637	0	1	0
94968935	0	2	0
95021692	0	2	0
95092731	0	1	0
95130334	0	1	0
95152046	0	1	0
95154680	0	0	1
95330603	0	1	0
95373963	0	1	0
95542252	0	1	0
95546264	0	1	0
95583325	0	1	0
95626225	0	1	0
95635127	0	5	0
95736570	0	1	0
95757064	0	1	0
95845366	0	1	0
95897859	0	4	0
95965907	0	4	0
96026379	0	3	0
96089071	0	3	0
96102980	0	1	0
96170415	0	1	0
96223319	0	8	0
96312914	0	1	0
96342420	0	1	0
96402706	0	0	1
96515988	0	1	0
96688786	0	1	0
96710733	0	4	0
96714277	0	1	0
96856894	0	1	0
96882673	0	2	0
96915851	0	2	0
96938641	0	1	0
97006743	0	1	0
97009743	0	0	1
97065102	0	2	0
97167151	0	1	0
97329641	0	1	0
97393750	0	3	0
97447322	0	1	0
97579254	0	1	0
97656804	0	5	0
97706819	0	1	0
97720346	0	1	0
97734826	0	1	0
97811572	0	2	0
97847133	0	1	0
97868958	0	1	0
97898228	0	1	0
97913732	0	1	0
97913745	0	1	0
98008386	0	2	0
98106696	0	2	0
98113326	0	3	0
98184149	0	1	0
98294090	0	1	0
98316619	0	1	0
98551008	0	4	0
98605674	0	3	0
98661832	0	1	0
98669190	0	1	0
98789942	0	1	0
98947718	0	1	0
98955245	0	1	0
98977071	0	1	0
99060287	0	1	0
99205833	0	1	0
99254488	0	1	0
99340953	0	1	0
99395782	0	1	0
99649012	0	3	0
99667567	0	1	0
99769102	0	1	0
99922419	0	1	0
99991269	0	1	0
100362100	0	0	1
100385716	0	1	0
100446998	0	1	0
100699196	0	1	0
100773214	0	3	0
100903750	0	1	0
100940381	0	3	0
101071795	0	1	0
101082545	0	1	0
101090180	0	1	0
101510327	0	3	0
101526874	0	1	0
101576609	0	1	0
101585845	0	1	0
101637897	0	3	0
101652791	0	1	0
101825986	0	1	0
101839462	0	1	0
101880473	0	1	0
101952015	0	1	0
102012574	0	0	1
102318851	0	1	0
102408854	0	2	0
102489671	0	1	0
102509916	0	1	0
102521257	0	1	0
102560644	0	1	0
102631155	0	1	0
102631415	0	1	0
102632657	0	1	0
102659682	0	2	0
102815138	0	3	0
102943260	0	1	0
103108240	0	1	0
103155238	0	1	0
103157775	0	1	0
103181160	0	1	0
103212135	0	1	0
103212155	0	1	0
103373394	0	0	1
103480435	0	1	0
103550036	0	1	0
103629580	0	1	0
103894154	0	2	0
103932739	0	3	0
103990089	0	1	0
103990891	0	1	0
104114602	0	2	0
104242080	0	2	0
104500901	0	2	0
104525306	0	1	0
104611177	0	1	0
104746741	0	1	0
104816088	0	1	0
104824874	0	1	0
104870814	0	1	0
104878225	0	1	0
105265399	0	1	0
105447937	0	1	0
105450731	0	0	1
105608605	0	1	0
105686631	0	1	0
105756189	0	1	0
105927474	0	1	0
105951579	0	1	0
105966012	0	1	0
105972816	0	1	0
105972847	0	1	0
106054881	0	1	0
106071077	0	1	0
106116166	0	1	0
106147652	0	1	0
106246152	0	2	0
106274547	0	1	0
106319525	0	1	0
106400174	0	1	0
106435024	0	1	0
106435686	0	1	0
106444155	0	1	0
106525359	0	1	0
107002450	0	4	0
107065473	0	1	0
107103573	0	1	0
107297687	0	2	0
107505215	0	1	0
107800484	0	1	0
107906744	0	1	0
108041162	0	1	0
108056503	0	1	0
108090503	0	1	0
108133818	0	1	0
108364135	0	1	0
108546658	0	1	0
109115439	0	1	0
109384475	0	1	0
109457780	0	1	0
109707470	0	1	0
109849624	0	0	1
110097968	0	2	0
110146540	0	8	0
110242903	0	1	0
110312190	0	1	0
110341565	0	1	0
110371756	0	3	0
110408436	0	2	0
110437476	0	1	0
110517044	0	0	1
110592617	0	1	0
110628850	0	1	0
110659296	0	1	0
110825591	0	1	0
110834722	0	1	0
110846249	0	7	0
110956907	0	1	0
111113305	0	1	0
111142648	0	1	0
111193816	0	1	0
111205875	0	0	1
111217184	0	2	0
111217703	0	1	0
111252532	0	1	0
111255930	0	1	0
111279590	0	1	0
111283165	0	1	0
111290787	0	1	0
111518414	0	2	0
111519314	0	1	0
111532701	0	2	0
112129191	0	1	0
112147351	0	1	0
112168571	0	1	0
112181376	0	1	0
112576685	0	0	1
112847374	0	1	0
113296547	0	1	0
113464211	0	5	0
113800966	0	1	0
114044140	0	1	0
114093762	0	2	0
114248303	0	1	0
114319918	0	2	0
114351931	0	1	0
114451512	0	0	1
114457112	0	3	0
114577256	0	1	0
114738575	0	3	0
114759440	0	1	0
114868647	0	1	0
115042905	0	1	0
115221078	0	1	0
115344717	0	1	0
115368258	0	1	0
115387545	0	1	0
115483994	0	1	0
116059082	0	1	0
116137808	0	1	0
116202154	0	1	0
116292280	0	1	0
116391540	0	3	0
116769086	0	1	0
117408172	0	1	0
117473643	0	1	0
117685234	0	2	0
117696302	0	1	0
117711416	0	1	0
117745137	0	2	0
117830744	0	1	0
117837747	0	1	0
117903191	0	1	0
117980823	0	1	0
118081723	0	1	0
118312633	0	1	0
118375914	0	4	0
118466150	0	1	0
118512951	0	0	1
118512958	0	0	1
118748699	0	1	0
118876608	0	2	0
119085142	0	1	0
119250168	0	1	0
119949548	0	1	0
120014726	0	1	0
120021507	0	1	0
120024847	0	1	0
120032236	0	1	0
120034222	0	1	0
120042257	0	1	0
120076846	0	0	1
120533201	0	0	1
120653623	0	1	0
120862875	0	3	0
121144615	0	1	0
121160379	0	6	0
121224388	0	1	0
121277587	0	1	0
121503807	0	1	0
121561111	0	1	0
121572876	0	1	0
121579091	0	1	0
121634298	0	2	0
121894178	0	3	0
121953622	0	2	0
121964744	0	1	0
121979557	0	1	0
121988236	0	2	0
122022913	0	2	0
122258475	0	1	0
122274544	0	1	0
122367851	0	1	0
122402656	0	2	0
122409777	0	1	0
122565297	0	1	0
122781337	0	1	0
122820961	0	1	0
122968899	0	1	0
122972373	0	1	0
122972987	0	1	0
122974893	0	3	0
123218006	0	1	0
123271540	0	1	0
123283130	0	1	0
123328396	0	1	0
123375212	0	1	0
123517380	0	1	0
123581919	0	1	0
123600456	0	1	0
123683087	0	1	0
123687274	0	1	0
123971278	0	1	0
124151206	0	1	0
124265128	0	1	0
124669475	0	1	0
124773432	0	2	0
124815528	0	1	0
124881905	0	1	0
125216061	0	1	0
125273197	0	2	0
125597936	0	2	0
125741480	0	2	0
125959618	0	2	0
126236335	0	1	0
126267305	0	1	0
126501265	0	1	0
126600707	0	0	1
127660216	0	2	0
128034425	0	1	0
128152125	0	7	0
128405926	0	1	0
128408818	0	1	0
128611691	0	2	0
128790471	0	2	0
129009590	0	2	0
129074161	0	2	0
129468885	0	1	0
129679588	0	3	0
129703844	0	1	0
130613912	0	1	0
130896807	0	1	0
130989596	0	2	0
131081005	0	1	0
131226769	0	1	0
131871976	0	1	0
132542454	0	2	0
132594417	0	1	0
132799472	0	1	0
132818450	0	1	0
132854614	0	1	0
132937694	0	1	0
133354572	0	1	0
133450062	0	1	0
133793044	0	1	0
135863797	0	1	0
135902965	0	2	0
136012506	0	1	0
136353978	0	1	0
136358957	0	4	0
136358993	0	2	0
136359034	0	1	0
136359050	0	3	0
136359073	0	1	0
136370626	0	1	0
136370649	0	1	0
136391796	0	2	0
136566535	0	3	0
136931382	0	1	0
137055936	0	1	0
137385775	0	1	0
138192916	0	3	0
138295167	0	1	0
138491843	0	1	0
138938737	0	1	0
139239653	0	1	0
139513416	0	1	0
140623234	0	1	0
140943555	0	1	0
141376127	0	1	0
142448727	0	2	0
142693425	0	1	0
142752773	0	1	0
142902794	0	1	0
144147862	0	3	0
146003718	0	1	0
146190269	0	1	0
147648615	0	1	0
147932565	0	1	0
148401673	0	1	0
148931949	0	1	0
148952193	0	1	0
149050152	0	1	0
149195441	0	2	0
150295389	0	1	0
151100550	0	2	0
151646236	0	1	0
152193138	0	1	0
153643654	0	1	0
154883331	0	1	0
154920446	0	1	0
158277305	0	8	0
159387888	0	1	0
159722580	0	1	0
161151299	0	1	0
162106427	0	1	0
163260047	0	1	0
163853648	0	1	0
164051701	0	1	0
164355177	0	1	0
166021326	0	3	0
166471295	0	4	0
167697761	0	2	0
169042505	0	1	0
170398096	0	1	0
170398672	0	1	0
170975105	0	1	0
171071028	0	1	0
172925367	0	1	0
177840361	0	1	0
177863477	0	1	0
178206700	0	2	0
178379888	0	1	0
179259571	0	1	0
181298363	0	1	0

