## htsjdk.samtools.metrics.StringHeader
# CollectInsertSizeMetrics --Histogram_FILE /dev/null --MINIMUM_PCT 0.0 --INCLUDE_DUPLICATES true --INPUT 260629_Emseq_LV_index_D2_Bap1_Math1_adult_mut_F2_S8.good_mapq --OUTPUT 260629_Emseq_LV_index_D2_Bap1_Math1_adult_mut_F2_S8.good_mapq.insert_size_metrics.txt --VALIDATION_STRINGENCY SILENT --DEVIATIONS 10.0 --METRIC_ACCUMULATION_LEVEL ALL_READS --ASSUME_SORTED true --STOP_AFTER 0 --VERBOSITY INFO --QUIET false --COMPRESSION_LEVEL 5 --MAX_RECORDS_IN_RAM 500000 --CREATE_INDEX false --CREATE_MD5_FILE false --help false --version false --showHidden false --USE_JDK_DEFLATER false --USE_JDK_INFLATER false
## htsjdk.samtools.metrics.StringHeader
# Started on: Wed Jul 29 23:13:18 PDT 2026

## METRICS CLASS	picard.analysis.InsertSizeMetrics
MEDIAN_INSERT_SIZE	MODE_INSERT_SIZE	MEDIAN_ABSOLUTE_DEVIATION	MIN_INSERT_SIZE	MAX_INSERT_SIZE	MEAN_INSERT_SIZE	STANDARD_DEVIATION	READ_PAIRS	PAIR_ORIENTATION	WIDTH_OF_10_PERCENT	WIDTH_OF_20_PERCENT	WIDTH_OF_30_PERCENT	WIDTH_OF_40_PERCENT	WIDTH_OF_50_PERCENT	WIDTH_OF_60_PERCENT	WIDTH_OF_70_PERCENT	WIDTH_OF_80_PERCENT	WIDTH_OF_90_PERCENT	WIDTH_OF_95_PERCENT	WIDTH_OF_99_PERCENT	SAMPLE	LIBRARY	READ_GROUP
207	179	46	2	180711572	221.784536	75.791193	579580850	FR	19	37	55	73	93	115	141	175	245	329	487			
20018563	16085	20002522	2	180418045	32520706.823608	36779972.868333	6735	RF	11878483	24008303	33877547	39810035	40005045	40032799	51270289	88175121	136245223	171416499	243860385			
38972813	46000	27258724.5	46000	131422292	42942560.536364	33300776.030823	110	TANDEM	10086631	24741781	33055507	45590737	53999731	61818317	70379269	76875021	103811145	114859385	166128089			

## HISTOGRAM	java.lang.Integer
insert_size	All_Reads.fr_count	All_Reads.rf_count	All_Reads.tandem_count
2	4192	4	0
3	4361	0	0
4	4761	2	0
5	5122	2	0
6	5176	0	0
7	5262	1	0
8	5584	0	0
9	6143	0	0
10	6358	0	0
11	6906	0	0
12	7179	0	0
13	7866	2	0
14	8331	1	0
15	9002	0	0
16	9482	0	0
17	9440	0	0
18	9620	5	0
19	10385	1	0
20	10854	1	0
21	11337	0	0
22	11992	2	0
23	12213	0	0
24	12954	1	0
25	13199	0	0
26	13663	0	0
27	14140	5	0
28	14493	3	0
29	15088	0	0
30	15645	1	0
31	15897	0	0
32	15922	1	0
33	16921	2	0
34	17023	2	0
35	17287	3	0
36	17106	2	0
37	17722	0	0
38	6602	0	0
39	5506	2	0
40	5690	2	0
41	6144	0	0
42	6515	0	0
43	7166	3	0
44	7630	2	0
45	8284	0	0
46	8827	0	0
47	9733	1	0
48	10773	3	0
49	11218	0	0
50	12000	1	0
51	12823	0	0
52	13260	1	0
53	13891	0	0
54	14347	2	0
55	14418	1	0
56	15248	0	0
57	15634	1	0
58	16570	0	0
59	17562	4	0
60	18003	1	0
61	17714	1	0
62	18800	2	0
63	19641	7	0
64	19855	2	0
65	21502	0	0
66	22219	2	0
67	23825	0	0
68	24835	2	0
69	26086	0	0
70	27971	1	0
71	28963	1	0
72	30858	0	0
73	32829	0	0
74	35139	1	0
75	39151	0	0
76	41963	0	0
77	45168	0	0
78	48054	0	0
79	52775	1	0
80	59480	0	0
81	62624	1	0
82	69105	0	0
83	75558	2	0
84	82496	1	0
85	91433	0	0
86	101920	0	0
87	113544	0	0
88	127610	0	0
89	140890	0	0
90	155740	0	0
91	172328	0	0
92	189413	6	0
93	208811	0	0
94	227740	2	0
95	249775	0	0
96	273473	2	0
97	298854	0	0
98	326364	0	0
99	355449	0	0
100	389043	2	0
101	420628	0	0
102	454516	1	0
103	489465	1	0
104	527427	0	0
105	569736	3	0
106	610166	0	0
107	655110	0	0
108	698164	0	0
109	745128	1	0
110	792819	1	0
111	843261	2	0
112	893547	0	0
113	945084	0	0
114	999515	0	0
115	1054640	0	0
116	1107071	0	0
117	1162283	0	0
118	1220635	0	0
119	1283191	0	0
120	1341582	0	0
121	1400252	0	0
122	1463070	0	0
123	1527284	3	0
124	1587433	0	0
125	1650592	0	0
126	1711597	1	0
127	1774081	0	0
128	1838500	0	0
129	1900431	1	0
130	1968083	0	0
131	2022403	0	0
132	2084740	0	0
133	2148862	0	0
134	2212870	0	0
135	2272240	1	0
136	2334311	0	0
137	2393542	0	0
138	2457702	0	0
139	2522027	0	0
140	2580507	0	0
141	2639481	0	0
142	2699864	0	0
143	2752529	1	0
144	2806189	0	0
145	2860900	0	0
146	2913194	0	0
147	2961533	0	0
148	3013354	0	0
149	3059771	0	0
150	3104094	0	0
151	3151881	0	0
152	3188813	3	0
153	3229131	0	0
154	3262350	0	0
155	3292560	0	0
156	3321677	0	0
157	3354050	0	0
158	3385278	1	0
159	3411456	0	0
160	3442626	0	0
161	3463921	0	0
162	3491582	0	0
163	3511296	0	0
164	3531167	1	0
165	3551866	0	0
166	3562573	2	0
167	3580850	2	0
168	3594896	0	0
169	3607336	0	0
170	3619408	0	0
171	3628661	0	0
172	3640376	0	0
173	3651631	0	0
174	3652850	2	0
175	3657911	1	0
176	3663738	0	0
177	3663660	0	0
178	3665038	0	0
179	3665525	0	0
180	3664856	0	0
181	3663664	0	0
182	3658209	0	0
183	3654692	2	0
184	3645336	1	0
185	3639439	0	0
186	3633151	3	0
187	3624573	0	0
188	3620277	0	0
189	3605913	0	0
190	3602124	0	0
191	3583327	0	0
192	3571546	0	0
193	3552774	1	0
194	3543595	0	0
195	3526799	0	0
196	3508074	0	0
197	3497560	0	0
198	3476930	0	0
199	3460705	6	0
200	3444613	0	0
201	3424665	1	0
202	3399764	0	0
203	3383314	0	0
204	3361146	0	0
205	3341550	1	0
206	3321603	0	0
207	3296972	0	0
208	3276581	0	0
209	3250356	1	0
210	3229801	0	0
211	3206547	0	0
212	3184235	0	0
213	3160982	3	0
214	3133137	0	0
215	3112349	0	0
216	3089261	1	0
217	3063334	0	0
218	3040722	0	0
219	3018914	1	0
220	2991751	0	0
221	2964511	0	0
222	2939605	1	0
223	2915629	0	0
224	2894624	0	0
225	2869355	1	0
226	2841209	0	0
227	2817268	0	0
228	2792967	1	0
229	2769720	0	0
230	2742546	0	0
231	2719282	0	0
232	2697982	0	0
233	2670471	1	0
234	2645726	1	0
235	2616146	0	0
236	2580581	0	0
237	2558175	1	0
238	2532706	3	0
239	2510285	1	0
240	2487946	0	0
241	2461780	1	0
242	2434967	0	0
243	2411878	1	0
244	2386143	0	0
245	2361779	0	0
246	2337849	0	0
247	2312457	0	0
248	2295519	1	0
249	2268932	0	0
250	2248461	1	0
251	2223116	0	0
252	2194157	0	0
253	2165862	1	0
254	2146478	0	0
255	2122514	1	0
256	2098236	0	0
257	2078105	1	0
258	2053744	0	0
259	2028005	1	0
260	2005263	0	0
261	1985959	0	0
262	1964526	0	0
263	1940275	2	0
264	1920651	0	0
265	1896934	0	0
266	1875834	0	0
267	1849344	0	0
268	1833160	1	0
269	1813110	0	0
270	1789294	2	0
271	1766688	0	0
272	1724160	0	0
273	1700885	0	0
274	1676560	0	0
275	1659466	0	0
276	1642468	0	0
277	1620906	0	0
278	1603782	0	0
279	1584532	0	0
280	1565134	0	0
281	1549771	0	0
282	1529055	0	0
283	1512209	1	0
284	1496404	6	0
285	1479849	3	0
286	1461134	0	0
287	1442246	0	0
288	1424898	0	0
289	1412027	1	0
290	1390997	0	0
291	1376584	0	0
292	1360142	2	0
293	1345525	1	0
294	1328477	0	0
295	1313135	0	0
296	1296031	0	0
297	1282889	0	0
298	1266223	0	0
299	1251887	1	0
300	1234809	0	0
301	1222176	0	0
302	1206663	0	0
303	1189550	0	0
304	1175763	1	0
305	1164061	0	0
306	1147580	0	0
307	1133802	1	0
308	1120520	0	0
309	1107563	0	0
310	1090812	0	0
311	1076594	1	0
312	1066651	0	0
313	1053239	1	0
314	1036670	0	0
315	1027279	1	0
316	1015816	3	0
317	1004546	0	0
318	990214	0	0
319	974696	0	0
320	963116	0	0
321	951586	0	0
322	942135	0	0
323	930504	4	0
324	919725	1	0
325	907486	0	0
326	897922	0	0
327	886559	0	0
328	872843	1	0
329	862671	0	0
330	850545	5	0
331	837726	0	0
332	827976	0	0
333	818859	2	0
334	810620	0	0
335	799679	3	0
336	786721	0	0
337	777582	0	0
338	768603	0	0
339	760233	0	0
340	748619	0	0
341	742063	0	0
342	729616	0	0
343	720385	1	0
344	710517	0	0
345	704616	0	0
346	694007	0	0
347	684104	0	0
348	674128	0	0
349	665309	1	0
350	658420	1	0
351	649724	2	0
352	638977	0	0
353	630125	0	0
354	624418	0	0
355	616647	2	0
356	606220	0	0
357	599621	1	0
358	592868	0	0
359	581263	0	0
360	574406	0	0
361	568610	0	0
362	560958	0	0
363	555266	0	0
364	548890	0	0
365	535942	1	0
366	529953	0	0
367	523468	0	0
368	514564	0	0
369	509036	0	0
370	502801	1	0
371	496847	0	0
372	487225	2	0
373	481179	1	0
374	476221	1	0
375	468400	0	0
376	461600	2	0
377	454758	1	0
378	450314	0	0
379	441977	0	0
380	437536	0	0
381	430759	0	0
382	423447	0	0
383	418724	0	0
384	411498	0	0
385	403153	0	0
386	399041	0	0
387	394538	0	0
388	386980	1	0
389	383274	0	0
390	377580	0	0
391	371762	0	0
392	365697	0	0
393	360095	0	0
394	353706	2	0
395	347013	0	0
396	344485	0	0
397	338168	0	0
398	331207	0	0
399	328398	0	0
400	323137	0	0
401	318112	1	0
402	311334	0	0
403	309549	0	0
404	303530	2	0
405	297902	0	0
406	295389	2	0
407	288515	1	0
408	284182	1	0
409	282163	0	0
410	274997	0	0
411	271423	2	0
412	265014	0	0
413	262442	0	0
414	259163	0	0
415	252953	1	0
416	248962	0	0
417	245214	0	0
418	239726	1	0
419	235319	0	0
420	232548	0	0
421	230425	0	0
422	225090	1	0
423	220355	1	0
424	218846	0	0
425	213552	0	0
426	206611	0	0
427	205504	0	0
428	202080	0	0
429	198253	0	0
430	194044	1	0
431	192369	0	0
432	187104	0	0
433	186744	0	0
434	181221	2	0
435	179342	0	0
436	175915	2	0
437	172486	0	0
438	170103	0	0
439	165549	0	0
440	164044	0	0
441	159772	0	0
442	155830	0	0
443	154896	0	0
444	151428	0	0
445	148080	0	0
446	145037	4	0
447	142877	0	0
448	139548	0	0
449	137674	0	0
450	134280	0	0
451	134044	0	0
452	129243	1	0
453	126884	0	0
454	124440	0	0
455	122032	0	0
456	119804	0	0
457	116994	0	0
458	114976	0	0
459	112073	0	0
460	110493	0	0
461	107801	0	0
462	105269	0	0
463	103042	0	0
464	101297	0	0
465	99648	0	0
466	95987	0	0
467	95339	0	0
468	92446	0	0
469	90885	0	0
470	89565	0	0
471	88153	0	0
472	85757	0	0
473	82443	0	0
474	82390	0	0
475	81585	0	0
476	79230	0	0
477	79200	0	0
478	77728	0	0
479	74544	0	0
480	72080	0	0
481	71000	0	0
482	69893	0	0
483	68522	0	0
484	66570	1	0
485	65495	1	0
486	63751	0	0
487	60854	0	0
488	59868	0	0
489	58182	0	0
490	57332	0	0
491	54937	0	0
492	54017	0	0
493	53028	0	0
494	51189	0	0
495	50169	0	0
496	49075	0	0
497	47402	0	0
498	47313	0	0
499	45478	0	0
500	44509	0	0
501	44070	0	0
502	42725	0	0
503	41377	0	0
504	40669	0	0
505	40069	0	0
506	38547	0	0
507	36909	0	0
508	37145	0	0
509	36205	1	0
510	34744	4	0
511	34138	0	0
512	33109	0	0
513	31966	0	0
514	32037	0	0
515	30583	0	0
516	30212	0	0
517	29435	0	0
518	28686	0	0
519	28534	0	0
520	26964	0	0
521	26349	0	0
522	25458	0	0
523	23718	0	0
524	22617	0	0
525	21810	0	0
526	21783	0	0
527	21092	0	0
528	20528	0	0
529	19975	0	0
530	19193	0	0
531	18449	0	0
532	17793	0	0
533	17441	0	0
534	17337	0	0
535	17342	0	0
536	16279	0	0
537	15911	0	0
538	15896	0	0
539	14704	1	0
540	14988	1	0
541	14123	1	0
542	13452	0	0
543	13211	0	0
544	12856	0	0
545	12524	0	0
546	12288	0	0
547	11566	0	0
548	11123	0	0
549	11127	0	0
550	10337	0	0
551	10196	0	0
552	9680	0	0
553	9692	0	0
554	9149	0	0
555	8961	0	0
556	8951	0	0
557	8501	0	0
558	8509	0	0
559	8157	0	0
560	8098	3	0
561	7311	2	0
562	7068	0	0
563	6772	0	0
564	6596	0	0
565	6419	0	0
566	6573	0	0
567	6071	0	0
568	5771	0	0
569	5739	0	0
570	5418	0	0
571	5310	1	0
572	5318	0	0
573	4925	0	0
574	4730	0	0
575	4614	0	0
576	4606	0	0
577	4006	0	0
578	4117	0	0
579	3953	0	0
580	3700	0	0
581	3809	0	0
582	3536	1	0
583	3430	0	0
584	3345	0	0
585	3567	0	0
586	3436	1	0
587	2960	1	0
588	3011	0	0
589	2877	0	0
590	2659	1	0
591	2720	1	0
592	2534	0	0
593	2783	0	0
594	2596	0	0
595	2308	0	0
596	2197	0	0
597	2303	0	0
598	2058	1	0
599	2050	1	0
600	1903	0	0
601	2012	0	0
602	1876	0	0
603	1842	0	0
604	1634	0	0
605	1721	0	0
606	1575	0	0
607	1650	0	0
608	1555	0	0
609	1475	0	0
610	1428	0	0
611	1432	0	0
612	1403	0	0
613	1363	0	0
614	1290	0	0
615	1167	1	0
616	1155	0	0
617	1125	0	0
618	1080	1	0
619	1059	0	0
620	946	0	0
621	974	0	0
622	1034	0	0
623	1063	0	0
624	967	1	0
625	880	0	0
626	882	0	0
627	802	0	0
628	838	0	0
629	701	0	0
630	736	0	0
631	758	0	0
632	757	0	0
633	755	0	0
634	687	0	0
635	686	0	0
636	623	1	0
637	599	0	0
638	556	0	0
639	585	0	0
640	527	0	0
641	530	1	0
642	477	1	0
643	482	0	0
644	436	0	0
645	538	0	0
646	476	0	0
647	477	0	0
648	453	0	0
649	489	0	0
650	415	0	0
651	448	0	0
652	361	0	0
653	362	0	0
654	347	0	0
655	348	0	0
656	347	0	0
657	275	0	0
658	309	0	0
659	302	0	0
660	274	0	0
661	325	0	0
662	319	0	0
663	279	0	0
664	214	0	0
665	226	0	0
666	328	1	0
667	239	0	0
671	0	2	0
679	0	1	0
716	0	1	0
722	0	3	0
738	0	2	0
740	0	1	0
741	0	2	0
746	0	1	0
753	0	1	0
755	0	1	0
766	0	1	0
819	0	1	0
821	0	1	0
890	0	3	0
892	0	1	0
929	0	1	0
938	0	1	0
957	0	1	0
959	0	2	0
962	0	2	0
966	0	3	0
990	0	2	0
1029	0	1	0
1032	0	1	0
1036	0	1	0
1037	0	1	0
1046	0	2	0
1068	0	1	0
1072	0	1	0
1073	0	1	0
1101	0	2	0
1111	0	2	0
1120	0	1	0
1122	0	2	0
1140	0	1	0
1142	0	5	0
1144	0	3	0
1154	0	1	0
1163	0	1	0
1164	0	1	0
1169	0	1	0
1170	0	2	0
1179	0	1	0
1180	0	1	0
1183	0	3	0
1193	0	2	0
1199	0	1	0
1201	0	1	0
1203	0	1	0
1206	0	1	0
1218	0	2	0
1228	0	2	0
1236	0	3	0
1238	0	1	0
1250	0	1	0
1252	0	2	0
1256	0	1	0
1261	0	2	0
1263	0	1	0
1266	0	1	0
1280	0	1	0
1281	0	1	0
1287	0	1	0
1290	0	1	0
1293	0	2	0
1308	0	1	0
1317	0	2	0
1322	0	1	0
1340	0	1	0
1345	0	1	0
1357	0	1	0
1380	0	1	0
1382	0	2	0
1384	0	3	0
1396	0	1	0
1419	0	1	0
1457	0	1	0
1532	0	2	0
1557	0	1	0
1715	0	2	0
1817	0	1	0
1892	0	1	0
1894	0	1	0
2128	0	4	0
2135	0	1	0
2163	0	3	0
2164	0	3	0
2165	0	1	0
2172	0	1	0
2174	0	1	0
2180	0	1	0
2187	0	4	0
2189	0	1	0
2205	0	3	0
2209	0	1	0
2218	0	1	0
2228	0	6	0
2231	0	1	0
2247	0	1	0
2250	0	2	0
2254	0	2	0
2270	0	1	0
2273	0	3	0
2281	0	1	0
2292	0	1	0
2302	0	2	0
2317	0	2	0
2328	0	1	0
2336	0	3	0
2339	0	1	0
2360	0	1	0
2365	0	2	0
2368	0	2	0
2376	0	1	0
2377	0	1	0
2379	0	1	0
2381	0	1	0
2391	0	3	0
2395	0	1	0
2410	0	1	0
2416	0	4	0
2429	0	1	0
2453	0	1	0
2455	0	1	0
2479	0	1	0
2480	0	1	0
2489	0	2	0
2512	0	1	0
2519	0	2	0
2533	0	1	0
2589	0	1	0
2813	0	1	0
2851	0	1	0
2857	0	2	0
2863	0	1	0
2927	0	2	0
3127	0	1	0
3156	0	1	0
3203	0	1	0
3230	0	1	0
3233	0	1	0
3235	0	1	0
3332	0	2	0
3565	0	1	0
3602	0	1	0
3682	0	1	0
3697	0	2	0
3708	0	1	0
4139	0	1	0
4324	0	9	0
4332	0	3	0
4362	0	1	0
4458	0	1	0
4474	0	1	0
4616	0	1	0
5366	0	2	0
5882	0	2	0
5966	0	1	0
6254	0	2	0
6353	0	1	0
6474	0	2	0
6491	0	1	0
6534	0	3	0
6640	0	1	0
7183	0	1	0
7301	0	3	0
7435	0	1	0
7440	0	1	0
7649	0	1	0
7656	0	1	0
7750	0	4	0
7828	0	1	0
7857	0	1	0
7879	0	1	0
7883	0	1	0
7948	0	3	0
8137	0	1	0
8157	0	2	0
8160	0	1	0
8190	0	1	0
8207	0	1	0
8349	0	1	0
8971	0	1	0
10011	0	5	0
10585	0	2	0
10641	0	1	0
10650	0	1	0
10751	0	3	0
11311	0	1	0
11330	0	1	0
12043	0	4	0
12049	0	1	0
12492	0	1	0
13230	0	2	0
14163	0	1	0
14228	0	1	0
14243	0	1	0
14908	0	1	0
14990	0	1	0
15518	0	3	0
15770	0	7	0
15775	0	5	0
15786	0	2	0
15798	0	3	0
15799	0	4	0
15812	0	4	0
15820	0	1	0
15821	0	2	0
15824	0	5	0
15836	0	1	0
15837	0	5	0
15840	0	4	0
15845	0	7	0
15853	0	4	0
15858	0	4	0
15863	0	4	0
15866	0	1	0
15868	0	3	0
15870	0	2	0
15875	0	1	0
15879	0	1	0
15880	0	2	0
15881	0	5	0
15886	0	6	0
15889	0	4	0
15890	0	3	0
15891	0	1	0
15893	0	4	0
15894	0	2	0
15896	0	3	0
15897	0	4	0
15903	0	1	0
15907	0	7	0
15908	0	2	0
15909	0	1	0
15910	0	5	0
15911	0	2	0
15913	0	2	0
15914	0	3	0
15918	0	2	0
15919	0	1	0
15920	0	1	0
15921	0	4	0
15922	0	1	0
15927	0	3	0
15930	0	1	0
15931	0	2	0
15933	0	7	0
15936	0	1	0
15937	0	8	0
15938	0	9	0
15939	0	3	0
15942	0	2	0
15943	0	3	0
15944	0	5	0
15945	0	8	0
15946	0	1	0
15948	0	3	0
15950	0	2	0
15951	0	1	0
15953	0	2	0
15956	0	2	0
15957	0	3	0
15959	0	9	0
15960	0	3	0
15961	0	7	0
15962	0	1	0
15963	0	1	0
15965	0	1	0
15966	0	6	0
15967	0	4	0
15968	0	1	0
15969	0	2	0
15970	0	2	0
15971	0	5	0
15972	0	2	0
15973	0	3	0
15975	0	1	0
15976	0	1	0
15977	0	1	0
15978	0	6	0
15979	0	2	0
15980	0	2	0
15981	0	4	0
15982	0	2	0
15985	0	5	0
15986	0	4	0
15988	0	2	0
15989	0	1	0
15990	0	6	0
15991	0	7	0
15993	0	8	0
15994	0	3	0
15995	0	3	0
15996	0	3	0
15997	0	6	0
15998	0	2	0
16000	0	3	0
16001	0	3	0
16002	0	2	0
16003	0	7	0
16004	0	4	0
16005	0	3	0
16006	0	1	0
16007	0	1	0
16008	0	3	0
16009	0	2	0
16011	0	8	0
16012	0	1	0
16013	0	3	0
16014	0	6	0
16015	0	2	0
16016	0	6	0
16017	0	8	0
16018	0	2	0
16019	0	2	0
16020	0	8	0
16021	0	1	0
16022	0	7	0
16023	0	3	0
16024	0	4	0
16025	0	8	0
16026	0	9	0
16027	0	1	0
16028	0	5	0
16029	0	5	0
16030	0	2	0
16032	0	2	0
16033	0	6	0
16034	0	12	0
16035	0	4	0
16036	0	4	0
16037	0	5	0
16038	0	6	0
16040	0	6	0
16041	0	9	0
16042	0	5	0
16043	0	8	0
16044	0	7	0
16045	0	8	0
16046	0	3	0
16047	0	4	0
16048	0	5	0
16049	0	1	0
16050	0	6	0
16051	0	6	0
16052	0	3	0
16053	0	3	0
16054	0	10	0
16055	0	3	0
16056	0	4	0
16057	0	2	0
16058	0	2	0
16059	0	3	0
16060	0	4	0
16061	0	3	0
16062	0	4	0
16063	0	4	0
16064	0	1	0
16065	0	4	0
16066	0	12	0
16067	0	4	0
16068	0	3	0
16069	0	6	0
16070	0	5	0
16072	0	9	0
16073	0	7	0
16074	0	5	0
16075	0	4	0
16076	0	10	0
16077	0	2	0
16078	0	6	0
16079	0	2	0
16080	0	3	0
16081	0	9	0
16082	0	8	0
16083	0	6	0
16084	0	6	0
16085	0	13	0
16086	0	8	0
16087	0	7	0
16088	0	8	0
16089	0	2	0
16090	0	3	0
16091	0	6	0
16092	0	8	0
16093	0	4	0
16094	0	7	0
16095	0	4	0
16096	0	4	0
16097	0	3	0
16098	0	7	0
16099	0	12	0
16100	0	11	0
16101	0	2	0
16102	0	4	0
16103	0	4	0
16104	0	2	0
16105	0	2	0
16106	0	4	0
16107	0	3	0
16108	0	5	0
16109	0	8	0
16110	0	4	0
16111	0	7	0
16112	0	2	0
16113	0	9	0
16114	0	7	0
16115	0	5	0
16116	0	7	0
16117	0	5	0
16118	0	4	0
16119	0	6	0
16120	0	4	0
16121	0	5	0
16122	0	2	0
16123	0	6	0
16124	0	1	0
16125	0	6	0
16126	0	8	0
16127	0	3	0
16128	0	7	0
16129	0	3	0
16130	0	1	0
16131	0	3	0
16132	0	6	0
16133	0	1	0
16134	0	3	0
16136	0	1	0
16137	0	1	0
16138	0	3	0
16139	0	2	0
16141	0	1	0
16147	0	1	0
17418	0	1	0
17767	0	2	0
18210	0	1	0
18757	0	2	0
19169	0	1	0
19211	0	2	0
19248	0	2	0
19336	0	1	0
19382	0	1	0
19496	0	4	0
22047	0	1	0
22222	0	4	0
22477	0	1	0
23456	0	1	0
25084	0	1	0
25094	0	3	0
25841	0	1	0
27374	0	1	0
27382	0	2	0
27857	0	2	0
28066	0	1	0
29230	0	1	0
29294	0	1	0
29373	0	1	0
30895	0	1	0
31645	0	1	0
32981	0	5	0
34850	0	1	0
35260	0	1	0
37376	0	2	0
38523	0	2	0
38582	0	2	0
39660	0	1	0
39667	0	1	0
39684	0	1	0
41163	0	1	0
41913	0	2	0
41929	0	1	0
42537	0	1	0
42733	0	2	0
46000	0	0	1
48563	0	1	0
48679	0	1	0
48720	0	1	0
48911	0	1	0
52039	0	1	0
54600	0	1	0
62050	0	1	0
62385	0	1	0
67172	0	1	0
67566	0	1	0
68066	0	2	0
68108	0	1	0
72060	0	0	1
74758	0	1	0
75363	0	1	0
75541	0	1	0
77886	0	1	0
78706	0	1	0
78733	0	2	0
79766	0	1	0
82300	0	1	0
82349	0	1	0
83106	0	1	0
84746	0	1	0
85392	0	1	0
89159	0	1	0
89312	0	1	0
89343	0	1	0
94157	0	5	0
94243	0	1	0
98754	0	1	0
98768	0	3	0
100339	0	1	0
101026	0	1	0
106515	0	1	0
108849	0	1	0
110274	0	3	0
111514	0	3	0
111519	0	2	0
111533	0	2	0
111541	0	2	0
111550	0	1	0
111554	0	2	0
111557	0	2	0
111558	0	1	0
111564	0	1	0
111565	0	1	0
111571	0	1	0
111587	0	1	0
111589	0	1	0
111602	0	1	0
111608	0	1	0
111610	0	1	0
111612	0	1	0
111613	0	2	0
111617	0	1	0
111618	0	1	0
111630	0	1	0
111634	0	2	0
111635	0	1	0
111645	0	2	0
111647	0	1	0
111651	0	2	0
111655	0	1	0
111690	0	1	0
111697	0	1	0
111701	0	1	0
111702	0	1	0
111703	0	3	0
111704	0	2	0
111709	0	2	0
111714	0	5	0
111722	0	1	0
111730	0	1	0
111742	0	2	0
111759	0	1	0
113437	0	2	0
113491	0	1	0
113502	0	3	0
113511	0	1	0
113513	0	1	0
113515	0	1	0
113518	0	2	0
113525	0	4	0
113532	0	1	0
113538	0	1	0
113539	0	1	0
113540	0	1	0
113541	0	2	0
113546	0	1	0
113557	0	2	0
113558	0	3	0
113563	0	1	0
113572	0	3	0
113573	0	2	0
113576	0	2	0
113578	0	2	0
113579	0	1	0
113590	0	1	0
113604	0	2	0
113607	0	5	0
113611	0	3	0
113630	0	1	0
113633	0	3	0
113646	0	1	0
113650	0	1	0
113653	0	1	0
113656	0	1	0
113664	0	1	0
113669	0	1	0
113672	0	1	0
113677	0	3	0
113678	0	1	0
113687	0	1	0
113691	0	1	0
113697	0	1	0
113700	0	1	0
113702	0	3	0
113705	0	1	0
113713	0	2	0
113722	0	1	0
113724	0	1	0
117490	0	1	0
117710	0	1	0
119068	0	1	0
120249	0	1	0
120588	0	1	0
123315	0	1	0
125158	0	3	0
125240	0	4	0
125252	0	4	0
125258	0	1	0
126716	0	2	0
127413	0	1	0
131469	0	1	0
131952	0	1	0
140007	0	1	0
140069	0	2	0
143816	0	3	0
144466	0	1	0
151804	0	1	0
151921	0	1	0
153724	0	1	0
154303	0	1	0
156201	0	1	0
171387	0	1	0
171388	0	1	0
174727	0	2	0
177768	0	1	0
180019	0	1	0
180112	0	1	0
182535	0	1	0
182886	0	1	0
187630	0	4	0
187997	0	4	0
188000	0	3	0
188012	0	5	0
188052	0	1	0
188064	0	2	0
188071	0	4	0
188095	0	1	0
188152	0	2	0
188158	0	1	0
188166	0	1	0
190110	0	1	0
195672	0	2	0
196901	0	1	0
206764	0	1	0
207774	0	1	0
207863	0	1	0
210705	0	3	0
217331	0	2	0
219089	0	1	0
219589	0	1	0
222669	0	1	0
228602	0	1	0
234846	0	1	0
239820	0	1	0
243569	0	1	0
244068	0	2	0
253794	0	1	0
259344	0	2	0
259661	0	1	0
261899	0	1	0
269509	0	1	0
281413	0	1	0
296794	0	2	0
304185	0	1	0
309771	0	1	0
310799	0	1	0
318404	0	1	0
323509	0	1	0
323540	0	3	0
323550	0	1	0
328175	0	1	0
333434	0	3	0
338251	0	1	0
380395	0	1	0
382623	0	0	1
404179	0	1	0
417049	0	1	0
422579	0	2	0
422618	0	1	0
434522	0	1	0
457736	0	1	0
459909	0	2	0
459937	0	1	0
459954	0	1	0
460031	0	2	0
460039	0	1	0
460056	0	2	0
460500	0	3	0
460612	0	3	0
465504	0	1	0
470108	0	1	0
470191	0	1	0
481746	0	1	0
485305	0	2	0
487459	0	2	0
503092	0	1	0
520198	0	1	0
524113	0	1	0
526731	0	3	0
530533	0	1	0
535303	0	0	1
554611	0	1	0
556677	0	1	0
564999	0	1	0
590669	0	1	0
620724	0	1	0
620861	0	1	0
624240	0	1	0
624653	0	1	0
633462	0	1	0
639074	0	1	0
647948	0	1	0
650416	0	1	0
655613	0	4	0
667771	0	1	0
668322	0	1	0
682443	0	2	0
687492	0	1	0
687576	0	1	0
699200	0	1	0
706304	0	1	0
708132	0	1	0
716542	0	2	0
733326	0	2	0
734071	0	1	0
738668	0	1	0
754545	0	1	0
761695	0	0	1
779882	0	1	0
796884	0	1	0
803111	0	1	0
807246	0	1	0
824760	0	1	0
830889	0	1	0
836587	0	1	0
849510	0	0	1
891312	0	1	0
891811	0	1	0
900835	0	1	0
902888	0	3	0
907886	0	1	0
914692	0	2	0
914917	0	1	0
914980	0	1	0
918670	0	1	0
928184	0	1	0
931603	0	1	0
957166	0	1	0
973135	0	1	0
978927	0	1	0
990630	0	1	0
992069	0	1	0
998066	0	1	0
998363	0	2	0
1017796	0	1	0
1018668	0	1	0
1028099	0	1	0
1033035	0	1	0
1033970	0	0	1
1042550	0	1	0
1045533	0	1	0
1052422	0	1	0
1065099	0	1	0
1084015	0	1	0
1094664	0	1	0
1099492	0	2	0
1103425	0	1	0
1110431	0	1	0
1133591	0	1	0
1134107	0	1	0
1138866	0	1	0
1155446	0	1	0
1157752	0	1	0
1186920	0	1	0
1219772	0	1	0
1223332	0	1	0
1240127	0	1	0
1278060	0	1	0
1279289	0	2	0
1301400	0	4	0
1327658	0	1	0
1329139	0	1	0
1360349	0	1	0
1389013	0	1	0
1392473	0	1	0
1431519	0	1	0
1436811	0	1	0
1448015	0	1	0
1448019	0	1	0
1448023	0	1	0
1448025	0	1	0
1448030	0	1	0
1448033	0	1	0
1448036	0	2	0
1448048	0	1	0
1469306	0	1	0
1471100	0	2	0
1472100	0	1	0
1472102	0	1	0
1532498	0	1	0
1561746	0	2	0
1580926	0	1	0
1588406	0	7	0
1589434	0	1	0
1609682	0	2	0
1614329	0	1	0
1614435	0	1	0
1616360	0	3	0
1618293	0	2	0
1623119	0	1	0
1647464	0	3	0
1651495	0	0	1
1674963	0	1	0
1688533	0	1	0
1707333	0	2	0
1720851	0	3	0
1733610	0	1	0
1746120	0	1	0
1755481	0	1	0
1767131	0	1	0
1772585	0	1	0
1782254	0	3	0
1815250	0	1	0
1831887	0	1	0
1858010	0	1	0
1881155	0	1	0
1906298	0	1	0
1939402	0	2	0
1939419	0	1	0
1939421	0	1	0
1943149	0	1	0
1960661	0	5	0
1960690	0	1	0
1960695	0	1	0
1960772	0	1	0
1975595	0	1	0
1978243	0	1	0
1988471	0	2	0
1992520	0	1	0
2013179	0	1	0
2022159	0	1	0
2044975	0	1	0
2045004	0	1	0
2045025	0	3	0
2050289	0	1	0
2050661	0	1	0
2059457	0	3	0
2059473	0	6	0
2059492	0	1	0
2059526	0	3	0
2059571	0	2	0
2059585	0	1	0
2085556	0	1	0
2094111	0	1	0
2113246	0	1	0
2117761	0	1	0
2118909	0	1	0
2157633	0	1	0
2162916	0	1	0
2213988	0	1	0
2218021	0	1	0
2228541	0	1	0
2279840	0	1	0
2284537	0	1	0
2286714	0	1	0
2286876	0	1	0
2294715	0	1	0
2302077	0	1	0
2338648	0	1	0
2361830	0	0	1
2372590	0	2	0
2379511	0	0	1
2382109	0	1	0
2387277	0	1	0
2392800	0	1	0
2403899	0	1	0
2409521	0	1	0
2420417	0	4	0
2445888	0	1	0
2456703	0	1	0
2458266	0	1	0
2463102	0	1	0
2491921	0	1	0
2496999	0	0	1
2508415	0	1	0
2521902	0	1	0
2535006	0	1	0
2539956	0	1	0
2544716	0	1	0
2556440	0	6	0
2562481	0	1	0
2574887	0	1	0
2578800	0	1	0
2591354	0	2	0
2620238	0	3	0
2626563	0	1	0
2627984	0	1	0
2645529	0	1	0
2709203	0	1	0
2710594	0	1	0
2711657	0	1	0
2711838	0	3	0
2731067	0	1	0
2737351	0	2	0
2750414	0	2	0
2769997	0	1	0
2774601	0	1	0
2795947	0	1	0
2809351	0	1	0
2821825	0	5	0
2845061	0	1	0
2879147	0	1	0
2881484	0	1	0
2894206	0	2	0
2894446	0	2	0
2898961	0	1	0
2911298	0	2	0
2936720	0	1	0
2937910	0	1	0
2940135	0	1	0
2958553	0	2	0
2962441	0	4	0
2977380	0	1	0
2995681	0	1	0
3025549	0	1	0
3037092	0	1	0
3050096	0	4	0
3077742	0	1	0
3079790	0	2	0
3097692	0	1	0
3100874	0	2	0
3104749	0	1	0
3107707	0	2	0
3111419	0	1	0
3113096	0	3	0
3121662	0	1	0
3132847	0	1	0
3133214	0	1	0
3144828	0	1	0
3152705	0	1	0
3158804	0	1	0
3185103	0	1	0
3188510	0	1	0
3198851	0	2	0
3212943	0	1	0
3223866	0	1	0
3233227	0	1	0
3250696	0	1	0
3250890	0	1	0
3279159	0	1	0
3287543	0	1	0
3300043	0	1	0
3316381	0	1	0
3356561	0	3	0
3359167	0	1	0
3363323	0	1	0
3378181	0	2	0
3389156	0	1	0
3422488	0	1	0
3426412	0	1	0
3432828	0	1	0
3458112	0	2	0
3466906	0	2	0
3467209	0	3	0
3480105	0	1	0
3518243	0	1	0
3525612	0	1	0
3528927	0	1	0
3534723	0	1	0
3569201	0	1	0
3578792	0	1	0
3579903	0	1	0
3587053	0	1	0
3587668	0	1	0
3611168	0	1	0
3623564	0	1	0
3623621	0	1	0
3623993	0	1	0
3630111	0	1	0
3636535	0	3	0
3644494	0	1	0
3646088	0	1	0
3653965	0	1	0
3675240	0	1	0
3706128	0	0	1
3747151	0	1	0
3749021	0	1	0
3754486	0	1	0
3767184	0	2	0
3783179	0	0	1
3807932	0	1	0
3836078	0	1	0
3857804	0	0	1
3864565	0	3	0
3870925	0	1	0
3870985	0	1	0
3882151	0	2	0
3884686	0	2	0
3906849	0	1	0
3911267	0	1	0
3936666	0	1	0
3940656	0	1	0
3949970	0	2	0
3972915	0	1	0
3982831	0	1	0
4000931	0	2	0
4004578	0	1	0
4005849	0	1	0
4030415	0	1	0
4113169	0	1	0
4140474	0	2	0
4169018	0	1	0
4179582	0	1	0
4187741	0	1	0
4208912	0	1	0
4210535	0	1	0
4211717	0	2	0
4234078	0	1	0
4237792	0	1	0
4280236	0	1	0
4281058	0	1	0
4283243	0	1	0
4293177	0	1	0
4313894	0	7	0
4319737	0	1	0
4338771	0	2	0
4344392	0	1	0
4348690	0	1	0
4366688	0	1	0
4370844	0	1	0
4378233	0	2	0
4378373	0	1	0
4397858	0	5	0
4433615	0	3	0
4473942	0	1	0
4503490	0	1	0
4511243	0	0	1
4511975	0	1	0
4541681	0	1	0
4553621	0	2	0
4561210	0	2	0
4567729	0	1	0
4567730	0	1	0
4583668	0	5	0
4593010	0	1	0
4603624	0	1	0
4621921	0	1	0
4623000	0	1	0
4657403	0	4	0
4662105	0	2	0
4670851	0	1	0
4684065	0	1	0
4719860	0	2	0
4765473	0	1	0
4786570	0	1	0
4790972	0	1	0
4822696	0	1	0
4832129	0	1	0
4841665	0	1	0
4854349	0	1	0
4894842	0	1	0
4929904	0	1	0
4945282	0	4	0
4956036	0	1	0
4961566	0	1	0
5017551	0	1	0
5094156	0	1	0
5129587	0	1	0
5149822	0	1	0
5179942	0	2	0
5198743	0	1	0
5208040	0	2	0
5221589	0	1	0
5229344	0	1	0
5257948	0	1	0
5259535	0	1	0
5260844	0	1	0
5270222	0	1	0
5345401	0	1	0
5358461	0	1	0
5375318	0	1	0
5384140	0	2	0
5387014	0	1	0
5401591	0	2	0
5449313	0	1	0
5531487	0	1	0
5533626	0	1	0
5545841	0	4	0
5563215	0	1	0
5576229	0	1	0
5577659	0	1	0
5581892	0	2	0
5588679	0	4	0
5593028	0	1	0
5618450	0	1	0
5623097	0	1	0
5626779	0	1	0
5632407	0	1	0
5636962	0	1	0
5650322	0	1	0
5650961	0	1	0
5674211	0	1	0
5714028	0	1	0
5740341	0	1	0
5766285	0	1	0
5768149	0	1	0
5770964	0	2	0
5778054	0	0	1
5778827	0	1	0
5778950	0	0	1
5802839	0	6	0
5826477	0	2	0
5826696	0	1	0
5830867	0	1	0
5844757	0	1	0
5845246	0	1	0
5854185	0	1	0
5862125	0	1	0
5864210	0	1	0
5910313	0	1	0
5935739	0	1	0
5947988	0	0	1
5967546	0	1	0
5974670	0	5	0
6020849	0	1	0
6044357	0	1	0
6067594	0	1	0
6070213	0	1	0
6084759	0	0	1
6091373	0	1	0
6091821	0	1	0
6115873	0	1	0
6128953	0	1	0
6166101	0	1	0
6188842	0	1	0
6213099	0	1	0
6229110	0	1	0
6235241	0	1	0
6286983	0	2	0
6288403	0	1	0
6294779	0	1	0
6301654	0	3	0
6341264	0	1	0
6381905	0	2	0
6386414	0	1	0
6463106	0	1	0
6487812	0	3	0
6513013	0	1	0
6517595	0	1	0
6535073	0	1	0
6559179	0	2	0
6582092	0	1	0
6590925	0	1	0
6591107	0	1	0
6596616	0	1	0
6615875	0	1	0
6631725	0	2	0
6651507	0	1	0
6682176	0	1	0
6696733	0	2	0
6719485	0	2	0
6726777	0	1	0
6764296	0	1	0
6823657	0	1	0
6827795	0	1	0
6830578	0	1	0
6848376	0	5	0
6868743	0	1	0
6913353	0	1	0
6916897	0	1	0
6943505	0	2	0
6955628	0	1	0
6991257	0	1	0
7030998	0	1	0
7043176	0	1	0
7061759	0	2	0
7061877	0	1	0
7095858	0	1	0
7103008	0	1	0
7121561	0	1	0
7179483	0	1	0
7191756	0	1	0
7192524	0	1	0
7213952	0	2	0
7233749	0	1	0
7257094	0	0	1
7260760	0	1	0
7261536	0	1	0
7262719	0	2	0
7267794	0	1	0
7290528	0	1	0
7293779	0	1	0
7296077	0	1	0
7318518	0	1	0
7328616	0	1	0
7331169	0	1	0
7332024	0	1	0
7338206	0	0	1
7342567	0	1	0
7353199	0	2	0
7359878	0	1	0
7375733	0	1	0
7403459	0	1	0
7408382	0	1	0
7418302	0	1	0
7423417	0	1	0
7432804	0	1	0
7445265	0	2	0
7445488	0	1	0
7470212	0	1	0
7510812	0	1	0
7520450	0	1	0
7532829	0	1	0
7542268	0	1	0
7546463	0	1	0
7554469	0	1	0
7557680	0	2	0
7563524	0	1	0
7564373	0	1	0
7586621	0	1	0
7586934	0	2	0
7589839	0	1	0
7591342	0	1	0
7600670	0	2	0
7601166	0	1	0
7617336	0	1	0
7645513	0	1	0
7645593	0	3	0
7648256	0	1	0
7657216	0	1	0
7672836	0	1	0
7712620	0	2	0
7719662	0	1	0
7724301	0	1	0
7740510	0	1	0
7765565	0	1	0
7774881	0	1	0
7779689	0	1	0
7830339	0	1	0
7834509	0	1	0
7840064	0	1	0
7870438	0	1	0
7878647	0	1	0
7961064	0	1	0
7961542	0	1	0
7996629	0	1	0
8009468	0	1	0
8014729	0	2	0
8038901	0	1	0
8041261	0	2	0
8048560	0	1	0
8095962	0	2	0
8097283	0	1	0
8105976	0	1	0
8112764	0	1	0
8125783	0	2	0
8145922	0	1	0
8165174	0	2	0
8168245	0	3	0
8175532	0	1	0
8187110	0	1	0
8237356	0	1	0
8239961	0	1	0
8244505	0	1	0
8247987	0	1	0
8263206	0	4	0
8266390	0	1	0
8271361	0	1	0
8321445	0	1	0
8340424	0	1	0
8371309	0	3	0
8376046	0	1	0
8382727	0	1	0
8446935	0	1	0
8456654	0	1	0
8477426	0	5	0
8484143	0	7	0
8490824	0	1	0
8513222	0	1	0
8517262	0	1	0
8525587	0	1	0
8532100	0	1	0
8542095	0	1	0
8547776	0	3	0
8553468	0	1	0
8561353	0	1	0
8604277	0	1	0
8613690	0	2	0
8616961	0	1	0
8648073	0	1	0
8664345	0	1	0
8673248	0	1	0
8677191	0	1	0
8688817	0	1	0
8712583	0	1	0
8731514	0	1	0
8759546	0	1	0
8786757	0	3	0
8796127	0	1	0
8798302	0	3	0
8803405	0	1	0
8822105	0	1	0
8845907	0	5	0
8856619	0	2	0
8884585	0	2	0
8893634	0	1	0
8914300	0	1	0
8931052	0	1	0
9016873	0	0	1
9030397	0	2	0
9034386	0	4	0
9057011	0	4	0
9138820	0	3	0
9163622	0	4	0
9166608	0	1	0
9167513	0	1	0
9177089	0	1	0
9221166	0	2	0
9269695	0	1	0
9276674	0	1	0
9277933	0	1	0
9308823	0	2	0
9325837	0	3	0
9359621	0	1	0
9383786	0	2	0
9391625	0	1	0
9400834	0	1	0
9426355	0	1	0
9470082	0	1	0
9475052	0	1	0
9479460	0	2	0
9479472	0	1	0
9528831	0	2	0
9535109	0	1	0
9550022	0	1	0
9585831	0	2	0
9587884	0	2	0
9589179	0	1	0
9614218	0	1	0
9616378	0	2	0
9636240	0	1	0
9661709	0	4	0
9681683	0	1	0
9688329	0	1	0
9747648	0	2	0
9792540	0	1	0
9797945	0	1	0
9803524	0	1	0
9818047	0	1	0
9833782	0	1	0
9875608	0	1	0
9897355	0	2	0
9913867	0	2	0
9944061	0	1	0
9951747	0	1	0
9967490	0	1	0
9996122	0	2	0
9996549	0	5	0
10011958	0	3	0
10054563	0	1	0
10258001	0	1	0
10357008	0	5	0
10382273	0	1	0
10416073	0	1	0
10447636	0	1	0
10452981	0	1	0
10478323	0	1	0
10504617	0	1	0
10524890	0	2	0
10530321	0	1	0
10597578	0	1	0
10664077	0	1	0
10681508	0	1	0
10711198	0	1	0
10723918	0	1	0
10839786	0	2	0
10840703	0	2	0
10940289	0	1	0
10948037	0	1	0
11087043	0	2	0
11145299	0	1	0
11155488	0	1	0
11208300	0	5	0
11233182	0	1	0
11267258	0	1	0
11270664	0	1	0
11352135	0	1	0
11375256	0	1	0
11381009	0	1	0
11389130	0	1	0
11395074	0	1	0
11400671	0	2	0
11401555	0	1	0
11401767	0	0	1
11413670	0	1	0
11444140	0	1	0
11455229	0	0	1
11497425	0	1	0
11518034	0	1	0
11520103	0	1	0
11521113	0	1	0
11525020	0	1	0
11532193	0	1	0
11535198	0	1	0
11634107	0	1	0
11704423	0	1	0
11744024	0	1	0
11756436	0	3	0
11763935	0	1	0
11830884	0	1	0
11844276	0	2	0
11856200	0	1	0
11897827	0	1	0
11905905	0	1	0
11942900	0	1	0
11959024	0	1	0
12011196	0	1	0
12029581	0	6	0
12032017	0	0	1
12138778	0	1	0
12159311	0	1	0
12162988	0	2	0
12176910	0	1	0
12196725	0	1	0
12219053	0	2	0
12232467	0	1	0
12252161	0	1	0
12271782	0	1	0
12321902	0	1	0
12327951	0	1	0
12343179	0	1	0
12383820	0	2	0
12410721	0	1	0
12423054	0	1	0
12427433	0	1	0
12444678	0	2	0
12476805	0	1	0
12555574	0	1	0
12563337	0	1	0
12587942	0	1	0
12745820	0	1	0
12751831	0	3	0
12785554	0	1	0
12841225	0	2	0
12854093	0	1	0
12854096	0	1	0
12876829	0	1	0
12911501	0	2	0
12918018	0	1	0
12921610	0	1	0
12946392	0	1	0
12948102	0	2	0
12969968	0	5	0
12995761	0	1	0
13003332	0	1	0
13112360	0	1	0
13115592	0	1	0
13166016	0	0	1
13235133	0	5	0
13248583	0	1	0
13251934	0	1	0
13259787	0	1	0
13374990	0	1	0
13404424	0	1	0
13457371	0	1	0
13460865	0	2	0
13478530	0	2	0
13494243	0	1	0
13500426	0	1	0
13522853	0	1	0
13536780	0	2	0
13609160	0	3	0
13617949	0	0	1
13637320	0	1	0
13674524	0	1	0
13683472	0	3	0
13756331	0	1	0
13772983	0	1	0
13802207	0	1	0
13826094	0	2	0
13887276	0	1	0
13943052	0	0	1
13965026	0	1	0
13980318	0	1	0
13990608	0	1	0
14093936	0	1	0
14104319	0	1	0
14112508	0	2	0
14117102	0	0	1
14122255	0	2	0
14133977	0	1	0
14170740	0	1	0
14190561	0	1	0
14195074	0	1	0
14218514	0	1	0
14225635	0	2	0
14309959	0	1	0
14377032	0	1	0
14391037	0	1	0
14422315	0	3	0
14453558	0	2	0
14522834	0	1	0
14523302	0	1	0
14534421	0	1	0
14551148	0	1	0
14667170	0	2	0
14671797	0	1	0
14698169	0	0	1
14765859	0	2	0
14779418	0	1	0
14809126	0	1	0
14813929	0	1	0
14814481	0	1	0
14864488	0	1	0
14977508	0	3	0
14983957	0	2	0
14995607	0	1	0
15040945	0	1	0
15107004	0	1	0
15113850	0	0	1
15115751	0	2	0
15118263	0	1	0
15131636	0	1	0
15140659	0	1	0
15145009	0	1	0
15167969	0	1	0
15178781	0	1	0
15208105	0	2	0
15248668	0	1	0
15261062	0	1	0
15289016	0	4	0
15297108	0	2	0
15346214	0	1	0
15376447	0	1	0
15382424	0	2	0
15384440	0	1	0
15407409	0	1	0
15410519	0	3	0
15418491	0	1	0
15456118	0	1	0
15512243	0	1	0
15522714	0	1	0
15615105	0	2	0
15641561	0	1	0
15654422	0	1	0
15662642	0	1	0
15691874	0	2	0
15703828	0	3	0
15715338	0	1	0
15756451	0	1	0
15829756	0	1	0
15858180	0	1	0
15863779	0	1	0
15917160	0	1	0
16005134	0	1	0
16050099	0	1	0
16052051	0	1	0
16069710	0	1	0
16088781	0	1	0
16089332	0	8	0
16096215	0	1	0
16096341	0	4	0
16130883	0	1	0
16146683	0	1	0
16158164	0	1	0
16162529	0	1	0
16174031	0	1	0
16192203	0	1	0
16201588	0	1	0
16235997	0	1	0
16286623	0	1	0
16319683	0	3	0
16382555	0	3	0
16404682	0	1	0
16410797	0	2	0
16411342	0	1	0
16412506	0	1	0
16414187	0	1	0
16415873	0	1	0
16442338	0	1	0
16467701	0	1	0
16470489	0	1	0
16472199	0	0	1
16485504	0	1	0
16521691	0	1	0
16588009	0	1	0
16592401	0	1	0
16594951	0	1	0
16602369	0	1	0
16605205	0	1	0
16611386	0	1	0
16613298	0	1	0
16634496	0	5	0
16684189	0	1	0
16733302	0	2	0
16756834	0	1	0
16783019	0	1	0
16813418	0	1	0
16838725	0	2	0
16867186	0	1	0
16957068	0	4	0
17011785	0	1	0
17036288	0	1	0
17046041	0	2	0
17049224	0	1	0
17119846	0	1	0
17136518	0	1	0
17150005	0	1	0
17157822	0	1	0
17179675	0	1	0
17199135	0	1	0
17201403	0	2	0
17220075	0	1	0
17222647	0	1	0
17251976	0	1	0
17285658	0	2	0
17298463	0	1	0
17347389	0	1	0
17349466	0	1	0
17445035	0	2	0
17466868	0	1	0
17488621	0	1	0
17508238	0	1	0
17516363	0	1	0
17559347	0	1	0
17570163	0	1	0
17576960	0	1	0
17583332	0	2	0
17620980	0	1	0
17662258	0	1	0
17712834	0	0	1
17712842	0	0	1
17722188	0	1	0
17790669	0	1	0
17810474	0	1	0
17811465	0	3	0
17828454	0	2	0
17831012	0	1	0
17852716	0	1	0
17874838	0	1	0
17887948	0	3	0
17905741	0	2	0
17937160	0	1	0
17945093	0	1	0
17959052	0	1	0
18062563	0	1	0
18092217	0	1	0
18113263	0	2	0
18140638	0	1	0
18149277	0	1	0
18151662	0	1	0
18226823	0	2	0
18231733	0	2	0
18355267	0	1	0
18371275	0	1	0
18373110	0	2	0
18374307	0	1	0
18412724	0	1	0
18438461	0	1	0
18531834	0	7	0
18552008	0	1	0
18579900	0	1	0
18580498	0	1	0
18598952	0	2	0
18603057	0	1	0
18631156	0	1	0
18647204	0	1	0
18693651	0	1	0
18718274	0	5	0
18728210	0	1	0
18799337	0	1	0
18828984	0	2	0
18878046	0	1	0
18898345	0	1	0
18919779	0	1	0
18921088	0	1	0
18929475	0	0	1
18939987	0	1	0
18950451	0	4	0
18988081	0	2	0
19008143	0	1	0
19038023	0	1	0
19048444	0	1	0
19049964	0	1	0
19082381	0	1	0
19105473	0	1	0
19135363	0	3	0
19169614	0	1	0
19193413	0	1	0
19201322	0	1	0
19225175	0	1	0
19225336	0	1	0
19225363	0	2	0
19235537	0	1	0
19241243	0	1	0
19273944	0	3	0
19335224	0	1	0
19349872	0	1	0
19354176	0	1	0
19367439	0	1	0
19369576	0	1	0
19377500	0	1	0
19404476	0	1	0
19455397	0	2	0
19465426	0	1	0
19486889	0	1	0
19508168	0	3	0
19509357	0	4	0
19526557	0	6	0
19529589	0	1	0
19533435	0	3	0
19583020	0	1	0
19584969	0	2	0
19622001	0	2	0
19641443	0	2	0
19700726	0	1	0
19730394	0	1	0
19730501	0	1	0
19763125	0	3	0
19767753	0	1	0
19777329	0	1	0
19835066	0	2	0
19841459	0	1	0
19859635	0	2	0
19864439	0	1	0
19888214	0	3	0
19927939	0	1	0
19934811	0	1	0
20003990	0	1	0
20015458	0	1	0
20018563	0	2	0
20085328	0	1	0
20091130	0	1	0
20136933	0	1	0
20194503	0	2	0
20197537	0	1	0
20221348	0	1	0
20229899	0	6	0
20230642	0	1	0
20247021	0	1	0
20286437	0	2	0
20362911	0	6	0
20424121	0	1	0
20425746	0	1	0
20440561	0	1	0
20468466	0	1	0
20476169	0	2	0
20482605	0	1	0
20493608	0	1	0
20516997	0	3	0
20521772	0	1	0
20564633	0	1	0
20595242	0	2	0
20639534	0	1	0
20644787	0	1	0
20687995	0	1	0
20725727	0	1	0
20763124	0	1	0
20811159	0	1	0
20849058	0	1	0
20912807	0	1	0
20945547	0	1	0
20977989	0	1	0
21002359	0	1	0
21022596	0	1	0
21024267	0	1	0
21027431	0	2	0
21049640	0	1	0
21051457	0	1	0
21086058	0	1	0
21100387	0	1	0
21124458	0	1	0
21129263	0	4	0
21129549	0	1	0
21147448	0	1	0
21161829	0	1	0
21171881	0	1	0
21173581	0	2	0
21176938	0	1	0
21211280	0	1	0
21236353	0	1	0
21236763	0	1	0
21243929	0	1	0
21262913	0	1	0
21322735	0	1	0
21361356	0	1	0
21367230	0	1	0
21383665	0	3	0
21402109	0	1	0
21411629	0	1	0
21459517	0	1	0
21459539	0	1	0
21459548	0	1	0
21521010	0	1	0
21536645	0	1	0
21604069	0	1	0
21604996	0	1	0
21612095	0	1	0
21616580	0	1	0
21653784	0	1	0
21670870	0	0	1
21682215	0	1	0
21691695	0	1	0
21709695	0	1	0
21741530	0	3	0
21743955	0	1	0
21744457	0	1	0
21747934	0	2	0
21757757	0	1	0
21780030	0	1	0
21791347	0	1	0
21795748	0	1	0
21874651	0	4	0
21908311	0	1	0
21919615	0	1	0
21930547	0	1	0
21939862	0	2	0
21943724	0	2	0
21954062	0	1	0
22020858	0	1	0
22055483	0	2	0
22055488	0	1	0
22093468	0	2	0
22131973	0	0	1
22143427	0	1	0
22162042	0	1	0
22173948	0	1	0
22179739	0	1	0
22210780	0	2	0
22245243	0	3	0
22315947	0	0	1
22330964	0	2	0
22354140	0	1	0
22445060	0	0	1
22455627	0	2	0
22488353	0	1	0
22500267	0	1	0
22501486	0	1	0
22526032	0	1	0
22639407	0	2	0
22681109	0	1	0
22717160	0	1	0
22726549	0	1	0
22790547	0	1	0
22866171	0	1	0
22871263	0	1	0
22879443	0	1	0
22887392	0	1	0
22914807	0	1	0
22943296	0	1	0
22955017	0	1	0
22999442	0	7	0
23005008	0	1	0
23007856	0	5	0
23021129	0	1	0
23025874	0	1	0
23046312	0	5	0
23051784	0	1	0
23173216	0	1	0
23173235	0	4	0
23187230	0	1	0
23224849	0	1	0
23252533	0	3	0
23271414	0	1	0
23287791	0	0	1
23308365	0	1	0
23357479	0	2	0
23410843	0	1	0
23485130	0	3	0
23527788	0	1	0
23625411	0	1	0
23678510	0	1	0
23689260	0	1	0
23695282	0	1	0
23698184	0	1	0
23780663	0	1	0
23841523	0	1	0
23854131	0	1	0
23909361	0	1	0
23917467	0	1	0
23927585	0	3	0
23953622	0	2	0
23966704	0	2	0
23968725	0	2	0
23972642	0	1	0
24041775	0	2	0
24071595	0	1	0
24096347	0	1	0
24106658	0	1	0
24112462	0	1	0
24136920	0	1	0
24145767	0	1	0
24210351	0	1	0
24229733	0	1	0
24249494	0	1	0
24253745	0	1	0
24277889	0	1	0
24284034	0	1	0
24292667	0	4	0
24324857	0	1	0
24340193	0	1	0
24341750	0	1	0
24375955	0	2	0
24395721	0	1	0
24399063	0	1	0
24428817	0	1	0
24433674	0	1	0
24577445	0	1	0
24590669	0	1	0
24616237	0	1	0
24622878	0	2	0
24625298	0	1	0
24647562	0	1	0
24659414	0	1	0
24664020	0	2	0
24671637	0	1	0
24674965	0	1	0
24717000	0	1	0
24721196	0	4	0
24769574	0	1	0
24799858	0	1	0
24830000	0	0	1
24883557	0	1	0
24986772	0	1	0
25108854	0	1	0
25124717	0	1	0
25148256	0	3	0
25190467	0	1	0
25201704	0	0	1
25231256	0	1	0
25248424	0	1	0
25275421	0	1	0
25279403	0	2	0
25284466	0	2	0
25322350	0	4	0
25339503	0	0	1
25383606	0	1	0
25407723	0	1	0
25410327	0	1	0
25416452	0	3	0
25418945	0	0	1
25458930	0	7	0
25473238	0	1	0
25473708	0	2	0
25529090	0	2	0
25572975	0	1	0
25576424	0	2	0
25602553	0	1	0
25611622	0	2	0
25650964	0	5	0
25662576	0	1	0
25675712	0	2	0
25713544	0	1	0
25723262	0	1	0
25755435	0	1	0
25778963	0	3	0
25815385	0	1	0
25824009	0	1	0
25905977	0	2	0
25919088	0	1	0
25927704	0	2	0
25949704	0	1	0
25957804	0	2	0
25962399	0	2	0
26022584	0	1	0
26048418	0	1	0
26091333	0	9	0
26104055	0	1	0
26178524	0	1	0
26188852	0	1	0
26212757	0	1	0
26213223	0	1	0
26236325	0	1	0
26243274	0	1	0
26267277	0	1	0
26285954	0	1	0
26335410	0	1	0
26337463	0	1	0
26340888	0	1	0
26351257	0	4	0
26374096	0	1	0
26379110	0	1	0
26380688	0	7	0
26405470	0	1	0
26405494	0	2	0
26455448	0	6	0
26493166	0	1	0
26496700	0	1	0
26501526	0	1	0
26516039	0	1	0
26601923	0	0	1
26622652	0	2	0
26650191	0	1	0
26689858	0	2	0
26721897	0	2	0
26728319	0	1	0
26736208	0	1	0
26746074	0	1	0
26758320	0	1	0
26774269	0	2	0
26793660	0	1	0
26822662	0	1	0
26831888	0	1	0
26845627	0	4	0
26866200	0	1	0
26907891	0	5	0
26916756	0	1	0
26934299	0	1	0
26945303	0	0	1
26980512	0	2	0
27021555	0	1	0
27061310	0	1	0
27106095	0	1	0
27114622	0	1	0
27117110	0	2	0
27216311	0	1	0
27243817	0	4	0
27268375	0	8	0
27277424	0	1	0
27289771	0	1	0
27309500	0	1	0
27337371	0	0	1
27380868	0	1	0
27412901	0	1	0
27432418	0	5	0
27436713	0	1	0
27505113	0	1	0
27510346	0	5	0
27532138	0	1	0
27538349	0	1	0
27553676	0	1	0
27622124	0	1	0
27674979	0	1	0
27693838	0	2	0
27702489	0	1	0
27704094	0	1	0
27712052	0	1	0
27740397	0	1	0
27747965	0	1	0
27761298	0	1	0
27819920	0	1	0
27826847	0	1	0
27832387	0	1	0
27847145	0	1	0
27848347	0	1	0
27848953	0	0	1
27856203	0	1	0
27883119	0	1	0
27979426	0	1	0
28005246	0	3	0
28054919	0	2	0
28072056	0	1	0
28077308	0	1	0
28095739	0	1	0
28122671	0	1	0
28174092	0	1	0
28206723	0	2	0
28242358	0	1	0
28355683	0	1	0
28365472	0	1	0
28366936	0	1	0
28403719	0	4	0
28509446	0	1	0
28540635	0	1	0
28635002	0	2	0
28705423	0	2	0
28749908	0	1	0
28774539	0	1	0
28810077	0	1	0
28849199	0	1	0
28909320	0	1	0
28931303	0	1	0
28946473	0	1	0
28969496	0	1	0
28995968	0	1	0
29072320	0	1	0
29093541	0	1	0
29127575	0	1	0
29130595	0	1	0
29204115	0	1	0
29279922	0	1	0
29280220	0	1	0
29313300	0	1	0
29337249	0	2	0
29341296	0	2	0
29355288	0	1	0
29387519	0	1	0
29387598	0	1	0
29415192	0	1	0
29433693	0	1	0
29469490	0	4	0
29473388	0	1	0
29509056	0	1	0
29540597	0	1	0
29544102	0	3	0
29586237	0	0	1
29619576	0	5	0
29639572	0	1	0
29639640	0	1	0
29670609	0	1	0
29681973	0	1	0
29764555	0	1	0
29794409	0	2	0
29874872	0	1	0
29929503	0	1	0
29933646	0	1	0
29935116	0	1	0
29957718	0	1	0
29964553	0	2	0
29969855	0	1	0
29979176	0	4	0
29992117	0	1	0
30004674	0	1	0
30030260	0	1	0
30034682	0	1	0
30057562	0	2	0
30090895	0	1	0
30116180	0	4	0
30156612	0	1	0
30165849	0	2	0
30191165	0	1	0
30238213	0	1	0
30253390	0	2	0
30277315	0	1	0
30277441	0	1	0
30279050	0	1	0
30310075	0	1	0
30316470	0	1	0
30331292	0	1	0
30405920	0	1	0
30436624	0	1	0
30451960	0	1	0
30460574	0	1	0
30521933	0	1	0
30541945	0	1	0
30551374	0	2	0
30597469	0	0	1
30625849	0	2	0
30631365	0	1	0
30635832	0	2	0
30821792	0	1	0
30845199	0	2	0
30857421	0	7	0
30870287	0	1	0
30926208	0	1	0
30971152	0	0	1
31005358	0	2	0
31071962	0	1	0
31078695	0	2	0
31169038	0	4	0
31285018	0	2	0
31302741	0	1	0
31312068	0	1	0
31334287	0	1	0
31368783	0	1	0
31389128	0	2	0
31417117	0	1	0
31514101	0	3	0
31530599	0	1	0
31538028	0	1	0
31589711	0	1	0
31671425	0	1	0
31682236	0	1	0
31694146	0	1	0
31704992	0	4	0
31734371	0	7	0
31738129	0	1	0
31788635	0	2	0
31791088	0	1	0
31850506	0	2	0
31856143	0	2	0
31893772	0	3	0
31956789	0	1	0
31992496	0	1	0
32022714	0	4	0
32028481	0	2	0
32066493	0	1	0
32128314	0	1	0
32133619	0	1	0
32164301	0	3	0
32185296	0	1	0
32190455	0	1	0
32233432	0	1	0
32236766	0	1	0
32243550	0	1	0
32271351	0	1	0
32325853	0	1	0
32356134	0	1	0
32358847	0	1	0
32408839	0	1	0
32436855	0	1	0
32511958	0	1	0
32516906	0	1	0
32527326	0	1	0
32532463	0	4	0
32541717	0	1	0
32541933	0	1	0
32545503	0	1	0
32630506	0	3	0
32636476	0	1	0
32648793	0	3	0
32668637	0	1	0
32673694	0	1	0
32684119	0	2	0
32769534	0	1	0
32864425	0	1	0
32918157	0	1	0
32937136	0	3	0
32943094	0	5	0
33011710	0	6	0
33025605	0	2	0
33037790	0	1	0
33062947	0	1	0
33068623	0	1	0
33073981	0	1	0
33120731	0	1	0
33133429	0	1	0
33157253	0	1	0
33183547	0	1	0
33185279	0	2	0
33186707	0	1	0
33191039	0	1	0
33210511	0	1	0
33231229	0	1	0
33242125	0	1	0
33251074	0	1	0
33360892	0	2	0
33463556	0	1	0
33474105	0	2	0
33484188	0	1	0
33498717	0	1	0
33545980	0	1	0
33563198	0	1	0
33566419	0	1	0
33578445	0	2	0
33637702	0	1	0
33644536	0	1	0
33648249	0	1	0
33659727	0	1	0
33701275	0	1	0
33718993	0	1	0
33725005	0	1	0
33725030	0	2	0
33725579	0	2	0
33772990	0	4	0
33774570	0	1	0
33817695	0	1	0
33846473	0	2	0
33864287	0	1	0
33864288	0	1	0
33887510	0	1	0
33891537	0	1	0
33919255	0	1	0
33920149	0	1	0
33924343	0	3	0
34032939	0	1	0
34035635	0	1	0
34065773	0	0	1
34068751	0	1	0
34106879	0	1	0
34159806	0	1	0
34197050	0	0	1
34259308	0	1	0
34275139	0	1	0
34284072	0	2	0
34335280	0	3	0
34395004	0	1	0
34442407	0	1	0
34468771	0	1	0
34497586	0	2	0
34499241	0	4	0
34507861	0	1	0
34512453	0	3	0
34545805	0	1	0
34555920	0	1	0
34585985	0	1	0
34626017	0	1	0
34635483	0	1	0
34654859	0	1	0
34657169	0	1	0
34693077	0	2	0
34708282	0	1	0
34740591	0	1	0
34746576	0	1	0
34825478	0	1	0
34873881	0	1	0
34899959	0	2	0
34980685	0	1	0
34989733	0	1	0
35040639	0	2	0
35081476	0	1	0
35081493	0	1	0
35107327	0	1	0
35119437	0	1	0
35161442	0	1	0
35169028	0	1	0
35182790	0	1	0
35197170	0	1	0
35199903	0	1	0
35248818	0	1	0
35337288	0	1	0
35347449	0	1	0
35408086	0	1	0
35522295	0	1	0
35585136	0	1	0
35594734	0	1	0
35600854	0	3	0
35603558	0	1	0
35661610	0	1	0
35691109	0	2	0
35733162	0	1	0
35790565	0	1	0
35814999	0	1	0
35841727	0	1	0
35882540	0	1	0
35887702	0	3	0
35901071	0	1	0
35902719	0	2	0
35934540	0	2	0
35971151	0	2	0
35994786	0	1	0
36034148	0	1	0
36040839	0	1	0
36059186	0	1	0
36097346	0	1	0
36101242	0	1	0
36103595	0	1	0
36107120	0	1	0
36143445	0	1	0
36144943	0	3	0
36145184	0	1	0
36189460	0	2	0
36198498	0	8	0
36230997	0	1	0
36236855	0	3	0
36279723	0	1	0
36300366	0	3	0
36300611	0	1	0
36375229	0	1	0
36375905	0	2	0
36400877	0	1	0
36420327	0	1	0
36453780	0	3	0
36498229	0	3	0
36516846	0	1	0
36518978	0	1	0
36527531	0	1	0
36536528	0	1	0
36567777	0	1	0
36591852	0	1	0
36592681	0	1	0
36627228	0	2	0
36656981	0	1	0
36682328	0	1	0
36703301	0	1	0
36712679	0	1	0
36713514	0	1	0
36769337	0	1	0
36845409	0	1	0
36894714	0	2	0
36910101	0	2	0
36930587	0	2	0
36956294	0	0	1
36965760	0	1	0
36968188	0	1	0
36968679	0	1	0
37012263	0	1	0
37023318	0	1	0
37024611	0	1	0
37028636	0	1	0
37050027	0	1	0
37056989	0	1	0
37102125	0	2	0
37169457	0	1	0
37218556	0	2	0
37224430	0	1	0
37229397	0	1	0
37239089	0	1	0
37359863	0	2	0
37360149	0	1	0
37361186	0	3	0
37385814	0	1	0
37387967	0	5	0
37412086	0	1	0
37418513	0	1	0
37419926	0	1	0
37477533	0	1	0
37509896	0	1	0
37565113	0	1	0
37613559	0	0	1
37622944	0	2	0
37629100	0	1	0
37643140	0	1	0
37657281	0	1	0
37668334	0	1	0
37688121	0	1	0
37744142	0	2	0
37749514	0	1	0
37772438	0	1	0
37774115	0	1	0
37817764	0	2	0
37878732	0	1	0
37897936	0	2	0
37904739	0	1	0
37915409	0	1	0
37947132	0	1	0
37963342	0	1	0
37976841	0	1	0
37993326	0	1	0
38016098	0	2	0
38042564	0	1	0
38085611	0	1	0
38106739	0	1	0
38140828	0	1	0
38236993	0	1	0
38245277	0	1	0
38331480	0	2	0
38332629	0	1	0
38333055	0	1	0
38358968	0	1	0
38380657	0	1	0
38412963	0	1	0
38514422	0	1	0
38519727	0	1	0
38569081	0	1	0
38575328	0	1	0
38589328	0	4	0
38610121	0	1	0
38790862	0	1	0
38801938	0	1	0
38809255	0	1	0
38819906	0	1	0
38833758	0	1	0
38849157	0	1	0
38859009	0	1	0
38870985	0	1	0
38878658	0	1	0
38887744	0	3	0
38904720	0	8	0
38921094	0	3	0
38929347	0	1	0
39010191	0	1	0
39027666	0	2	0
39036494	0	3	0
39036557	0	1	0
39043252	0	8	0
39047228	0	1	0
39129937	0	5	0
39144001	0	2	0
39150775	0	2	0
39172584	0	1	0
39179900	0	1	0
39201687	0	1	0
39204733	0	1	0
39244813	0	1	0
39265926	0	1	0
39303390	0	1	0
39312083	0	1	0
39439010	0	1	0
39508275	0	1	0
39525889	0	1	0
39539639	0	1	0
39552503	0	1	0
39588635	0	1	0
39597078	0	2	0
39628334	0	1	0
39666468	0	1	0
39688266	0	1	0
39701166	0	2	0
39727351	0	2	0
39757964	0	1	0
39809150	0	2	0
39861602	0	1	0
39895160	0	1	0
39902950	0	1	0
39908333	0	1	0
39943512	0	2	0
39947894	0	1	0
39973612	0	1	0
39979887	0	1	0
40001111	0	3	0
40005335	0	1	0
40043441	0	1	0
40056948	0	1	0
40084423	0	1	0
40108130	0	5	0
40120157	0	1	0
40133930	0	1	0
40184526	0	1	0
40251018	0	1	0
40272310	0	1	0
40286821	0	1	0
40311704	0	4	0
40325834	0	1	0
40332067	0	0	1
40345251	0	3	0
40363063	0	1	0
40385539	0	1	0
40391497	0	1	0
40395849	0	5	0
40401711	0	1	0
40402906	0	1	0
40404650	0	5	0
40452521	0	1	0
40458287	0	2	0
40458632	0	1	0
40489163	0	0	1
40491362	0	1	0
40494344	0	1	0
40533747	0	1	0
40555242	0	1	0
40566881	0	1	0
40577327	0	1	0
40591223	0	2	0
40601592	0	1	0
40631691	0	1	0
40661961	0	2	0
40693058	0	1	0
40697825	0	1	0
40734629	0	1	0
40750744	0	2	0
40789451	0	1	0
40817818	0	1	0
40828522	0	1	0
40831740	0	1	0
40855023	0	1	0
40877577	0	3	0
40888729	0	1	0
40922567	0	1	0
40942054	0	3	0
41002850	0	1	0
41004263	0	1	0
41010195	0	1	0
41116956	0	1	0
41138925	0	1	0
41167976	0	1	0
41210677	0	2	0
41226772	0	1	0
41238494	0	3	0
41250479	0	3	0
41290006	0	0	1
41369988	0	1	0
41384376	0	3	0
41402043	0	1	0
41406525	0	1	0
41408294	0	2	0
41429002	0	1	0
41432730	0	1	0
41469517	0	1	0
41518800	0	1	0
41534201	0	1	0
41539049	0	1	0
41595890	0	1	0
41609913	0	1	0
41621983	0	1	0
41622086	0	0	1
41643153	0	1	0
41686319	0	2	0
41689402	0	2	0
41728309	0	3	0
41738512	0	3	0
41923529	0	1	0
41926258	0	1	0
41942791	0	5	0
41965924	0	2	0
42042742	0	1	0
42053192	0	2	0
42070399	0	0	1
42151240	0	1	0
42264374	0	1	0
42271224	0	2	0
42340471	0	1	0
42362535	0	1	0
42385202	0	1	0
42407496	0	1	0
42508020	0	1	0
42587178	0	1	0
42649088	0	1	0
42654200	0	1	0
42676859	0	1	0
42732506	0	1	0
42756174	0	1	0
42761900	0	1	0
42779796	0	1	0
42857578	0	1	0
42898857	0	1	0
42982844	0	1	0
42993239	0	1	0
43076430	0	1	0
43077925	0	2	0
43085701	0	3	0
43093238	0	1	0
43121725	0	1	0
43138703	0	1	0
43176684	0	1	0
43242828	0	1	0
43266010	0	1	0
43279262	0	1	0
43279294	0	2	0
43330241	0	1	0
43382680	0	1	0
43468308	0	3	0
43489295	0	3	0
43566453	0	1	0
43573172	0	0	1
43607887	0	1	0
43640088	0	1	0
43640154	0	1	0
43696530	0	1	0
43748826	0	1	0
43784379	0	4	0
43850868	0	1	0
43851509	0	1	0
43869988	0	1	0
43921591	0	2	0
43949905	0	1	0
43960042	0	2	0
43961785	0	1	0
43988055	0	1	0
44016128	0	0	1
44016130	0	0	1
44058668	0	2	0
44064895	0	4	0
44173106	0	5	0
44180466	0	1	0
44189598	0	1	0
44217283	0	1	0
44243170	0	2	0
44300181	0	1	0
44308193	0	1	0
44345976	0	1	0
44469661	0	4	0
44470586	0	3	0
44493039	0	1	0
44502992	0	2	0
44538223	0	1	0
44552249	0	5	0
44554940	0	1	0
44746410	0	1	0
44899428	0	1	0
44934001	0	1	0
44965496	0	1	0
44972334	0	2	0
45017230	0	1	0
45041340	0	1	0
45063827	0	2	0
45075281	0	1	0
45104612	0	1	0
45131778	0	1	0
45139937	0	1	0
45171794	0	3	0
45197597	0	1	0
45203255	0	1	0
45212456	0	1	0
45334598	0	1	0
45337520	0	1	0
45423123	0	1	0
45451733	0	2	0
45530055	0	2	0
45617732	0	1	0
45642087	0	1	0
45644510	0	1	0
45653707	0	1	0
45665446	0	1	0
45676346	0	1	0
45676792	0	1	0
45734119	0	1	0
45928828	0	1	0
45950125	0	1	0
46064566	0	1	0
46066376	0	1	0
46076075	0	1	0
46127070	0	1	0
46153485	0	5	0
46174122	0	1	0
46358520	0	1	0
46377879	0	1	0
46451066	0	1	0
46508227	0	3	0
46516780	0	1	0
46538773	0	0	1
46546730	0	1	0
46561700	0	1	0
46711656	0	0	1
46718523	0	1	0
46730266	0	6	0
46774208	0	1	0
46777655	0	1	0
46799675	0	1	0
46808869	0	1	0
46811516	0	1	0
46829551	0	1	0
46845711	0	1	0
46860927	0	1	0
46888275	0	1	0
46922428	0	1	0
46967424	0	1	0
47029392	0	1	0
47063772	0	1	0
47069699	0	2	0
47110649	0	1	0
47152504	0	1	0
47226982	0	1	0
47237711	0	1	0
47263919	0	1	0
47286345	0	1	0
47296659	0	5	0
47354874	0	1	0
47392010	0	1	0
47443497	0	1	0
47539013	0	1	0
47596480	0	4	0
47620631	0	1	0
47650678	0	3	0
47667312	0	1	0
47712574	0	1	0
47751628	0	1	0
47759184	0	2	0
47784680	0	1	0
47792160	0	1	0
47819609	0	1	0
47822787	0	0	1
47830666	0	2	0
47838222	0	1	0
47841728	0	1	0
47868867	0	1	0
47912234	0	2	0
47912253	0	4	0
47993965	0	1	0
48101710	0	1	0
48103148	0	3	0
48112038	0	1	0
48130626	0	1	0
48132765	0	1	0
48137867	0	1	0
48140681	0	1	0
48140826	0	1	0
48143500	0	2	0
48149413	0	1	0
48168009	0	1	0
48191041	0	2	0
48206758	0	1	0
48234819	0	2	0
48247173	0	1	0
48302173	0	1	0
48308050	0	1	0
48380421	0	1	0
48473999	0	2	0
48493647	0	1	0
48497341	0	1	0
48499239	0	1	0
48500566	0	1	0
48521598	0	1	0
48543525	0	1	0
48547990	0	1	0
48627925	0	1	0
48631756	0	2	0
48667654	0	1	0
48692894	0	1	0
48844572	0	3	0
48883293	0	1	0
48958447	0	1	0
48959324	0	1	0
49019615	0	1	0
49083161	0	5	0
49119003	0	6	0
49225407	0	1	0
49247040	0	2	0
49277573	0	1	0
49335279	0	1	0
49446294	0	1	0
49499416	0	1	0
49507938	0	1	0
49514073	0	1	0
49514920	0	1	0
49567478	0	1	0
49570993	0	1	0
49573764	0	3	0
49710101	0	1	0
49753546	0	2	0
49758471	0	1	0
49779917	0	2	0
49907651	0	1	0
49945390	0	2	0
49967859	0	1	0
50029464	0	1	0
50029517	0	1	0
50042314	0	1	0
50103738	0	1	0
50127026	0	1	0
50132110	0	1	0
50133217	0	1	0
50139521	0	1	0
50315400	0	1	0
50359252	0	1	0
50399329	0	1	0
50418750	0	1	0
50426294	0	1	0
50541145	0	1	0
50562690	0	2	0
50568241	0	1	0
50605407	0	1	0
50625093	0	1	0
50635130	0	7	0
50685442	0	1	0
50731719	0	1	0
50739458	0	1	0
50745528	0	1	0
50826440	0	1	0
50843405	0	2	0
50864841	0	1	0
50923216	0	1	0
50942710	0	1	0
50995431	0	1	0
50998068	0	2	0
51076341	0	1	0
51079194	0	1	0
51104913	0	1	0
51169075	0	1	0
51220079	0	2	0
51228773	0	2	0
51276590	0	3	0
51305580	0	1	0
51308183	0	1	0
51338256	0	1	0
51372980	0	3	0
51401356	0	5	0
51490298	0	4	0
51540804	0	1	0
51588797	0	2	0
51599208	0	1	0
51611683	0	2	0
51660327	0	1	0
51664960	0	1	0
51667375	0	1	0
51675655	0	1	0
51766612	0	1	0
51788385	0	1	0
51793728	0	3	0
51808465	0	2	0
51819055	0	2	0
51844561	0	2	0
51864075	0	1	0
51886907	0	1	0
51908595	0	1	0
51914987	0	1	0
51944768	0	1	0
52046028	0	1	0
52104789	0	1	0
52112842	0	1	0
52121815	0	1	0
52176730	0	1	0
52213648	0	1	0
52247208	0	10	0
52269695	0	1	0
52378198	0	2	0
52387464	0	0	1
52473842	0	1	0
52495553	0	1	0
52587471	0	1	0
52613879	0	1	0
52641234	0	1	0
52683529	0	1	0
52735218	0	1	0
52740072	0	1	0
52751816	0	1	0
52756637	0	4	0
52776943	0	1	0
53001869	0	1	0
53002530	0	1	0
53037470	0	1	0
53075728	0	1	0
53087306	0	1	0
53087999	0	2	0
53089443	0	4	0
53099103	0	1	0
53146076	0	1	0
53186020	0	1	0
53195738	0	1	0
53229414	0	1	0
53278188	0	0	1
53278232	0	0	1
53325920	0	1	0
53349139	0	0	1
53350861	0	1	0
53357209	0	1	0
53369668	0	1	0
53373012	0	0	1
53375183	0	1	0
53520126	0	5	0
53538332	0	1	0
53637096	0	1	0
53668411	0	1	0
53738047	0	2	0
53746299	0	2	0
53811003	0	1	0
53836095	0	1	0
53839339	0	2	0
53872526	0	1	0
53897747	0	1	0
54071649	0	3	0
54093528	0	1	0
54135423	0	2	0
54267972	0	2	0
54279852	0	1	0
54287186	0	1	0
54413612	0	3	0
54415064	0	1	0
54421483	0	1	0
54443195	0	1	0
54468693	0	1	0
54509748	0	1	0
54612779	0	1	0
54713607	0	1	0
54713627	0	2	0
54713644	0	1	0
54713669	0	2	0
54713676	0	1	0
54834173	0	1	0
54850308	0	1	0
55034270	0	1	0
55078551	0	1	0
55112671	0	3	0
55132956	0	2	0
55240964	0	1	0
55249498	0	1	0
55271516	0	1	0
55311289	0	3	0
55352269	0	1	0
55374404	0	1	0
55379572	0	1	0
55540286	0	3	0
55551838	0	1	0
55560711	0	2	0
55561589	0	1	0
55654404	0	1	0
55671230	0	2	0
55678107	0	1	0
55701214	0	1	0
55738101	0	3	0
55770637	0	1	0
55796161	0	1	0
55846071	0	2	0
56010338	0	1	0
56034345	0	1	0
56216367	0	2	0
56259834	0	1	0
56347252	0	1	0
56364139	0	0	1
56411852	0	3	0
56453526	0	7	0
56458002	0	1	0
56458617	0	1	0
56610055	0	2	0
56637136	0	2	0
56660899	0	4	0
56693240	0	2	0
56860287	0	1	0
56870532	0	1	0
56998956	0	3	0
57017428	0	2	0
57040718	0	1	0
57093153	0	6	0
57100858	0	1	0
57119940	0	1	0
57127301	0	1	0
57186684	0	0	1
57208109	0	2	0
57437926	0	2	0
57476947	0	1	0
57505462	0	1	0
57574450	0	1	0
57596945	0	0	1
57642080	0	1	0
57717914	0	1	0
57728493	0	2	0
57742622	0	1	0
57812442	0	1	0
57869209	0	1	0
57902374	0	1	0
58000487	0	1	0
58007396	0	1	0
58065522	0	3	0
58124801	0	1	0
58161815	0	7	0
58295707	0	1	0
58312747	0	1	0
58367596	0	2	0
58372693	0	1	0
58375709	0	1	0
58514677	0	1	0
58539859	0	4	0
58540807	0	1	0
58542971	0	9	0
58555881	0	1	0
58654848	0	1	0
58658465	0	1	0
58685092	0	1	0
58744969	0	1	0
58777400	0	1	0
58939793	0	2	0
58947725	0	2	0
58967397	0	1	0
58990336	0	3	0
59064185	0	1	0
59078948	0	3	0
59188819	0	1	0
59257982	0	1	0
59304911	0	1	0
59390863	0	2	0
59439137	0	1	0
59441173	0	1	0
59473121	0	2	0
59494533	0	1	0
59502620	0	1	0
59525019	0	1	0
59555886	0	1	0
59557652	0	1	0
59612818	0	1	0
59630979	0	1	0
59648282	0	1	0
59697797	0	2	0
59809590	0	1	0
59852499	0	1	0
59926688	0	1	0
59992893	0	1	0
60039437	0	2	0
60057142	0	1	0
60082450	0	1	0
60091411	0	1	0
60101573	0	1	0
60101583	0	1	0
60108818	0	3	0
60134363	0	1	0
60285049	0	1	0
60437933	0	1	0
60493068	0	1	0
60640906	0	1	0
60714771	0	1	0
60750855	0	1	0
60769408	0	1	0
60797361	0	1	0
60810204	0	1	0
60844394	0	3	0
60855158	0	1	0
60877365	0	1	0
60892376	0	1	0
60971883	0	2	0
60976720	0	2	0
61021783	0	2	0
61044257	0	1	0
61062966	0	1	0
61134177	0	1	0
61139676	0	4	0
61192007	0	1	0
61192660	0	2	0
61246015	0	1	0
61287930	0	1	0
61340914	0	1	0
61420813	0	1	0
61425714	0	1	0
61445825	0	1	0
61557682	0	1	0
61571092	0	2	0
61651397	0	1	0
61659694	0	1	0
61670913	0	1	0
61768181	0	0	1
61768207	0	0	1
61822821	0	1	0
61829009	0	2	0
61838995	0	1	0
61874784	0	1	0
61876995	0	1	0
61923792	0	3	0
62009588	0	1	0
62038370	0	1	0
62096088	0	1	0
62130083	0	1	0
62152866	0	1	0
62191321	0	1	0
62202715	0	2	0
62299966	0	1	0
62353780	0	1	0
62440168	0	1	0
62513052	0	1	0
62560707	0	2	0
62585917	0	1	0
62590884	0	3	0
62631695	0	3	0
62645052	0	1	0
62646409	0	2	0
62675402	0	1	0
62707853	0	1	0
62743390	0	1	0
62746386	0	3	0
62853738	0	1	0
62916480	0	1	0
62953573	0	2	0
63096441	0	1	0
63112286	0	1	0
63131232	0	2	0
63149775	0	4	0
63169088	0	1	0
63175886	0	1	0
63212469	0	6	0
63238625	0	1	0
63276989	0	1	0
63307598	0	1	0
63385678	0	2	0
63428454	0	1	0
63458313	0	1	0
63522104	0	1	0
63552114	0	2	0
63605090	0	1	0
63617868	0	1	0
63724326	0	2	0
63779960	0	1	0
63795500	0	1	0
63868256	0	1	0
63940426	0	1	0
63985981	0	1	0
64014621	0	1	0
64026161	0	4	0
64027123	0	1	0
64092252	0	0	1
64102532	0	3	0
64106123	0	1	0
64168617	0	3	0
64188168	0	1	0
64333833	0	5	0
64335578	0	1	0
64424825	0	1	0
64448220	0	1	0
64482591	0	1	0
64520659	0	1	0
64551226	0	1	0
64563774	0	4	0
64615852	0	5	0
64618586	0	3	0
64652612	0	1	0
64655838	0	4	0
64737473	0	0	1
64743750	0	1	0
64828170	0	1	0
64892169	0	1	0
64950976	0	2	0
65115983	0	4	0
65153941	0	1	0
65202333	0	1	0
65211672	0	1	0
65239956	0	1	0
65280921	0	2	0
65297580	0	2	0
65317593	0	1	0
65349393	0	1	0
65370051	0	2	0
65374193	0	1	0
65513245	0	1	0
65548262	0	2	0
65634373	0	1	0
65635143	0	1	0
65636705	0	1	0
65653026	0	1	0
65666264	0	1	0
65697103	0	1	0
65705593	0	1	0
65770055	0	1	0
65781266	0	1	0
65784546	0	2	0
65888238	0	1	0
65899172	0	2	0
65918375	0	1	0
65919201	0	1	0
65940368	0	2	0
65972678	0	0	1
65989635	0	1	0
66065863	0	1	0
66182917	0	1	0
66199643	0	2	0
66382264	0	2	0
66391642	0	1	0
66504015	0	1	0
66509163	0	1	0
66513321	0	1	0
66519278	0	1	0
66562278	0	1	0
66676165	0	2	0
66708644	0	0	1
66729436	0	1	0
66775312	0	1	0
66888451	0	1	0
66963391	0	1	0
66978075	0	3	0
67013803	0	1	0
67090357	0	1	0
67181018	0	1	0
67194332	0	2	0
67211856	0	1	0
67215668	0	5	0
67239655	0	1	0
67242796	0	4	0
67298081	0	2	0
67366792	0	1	0
67403374	0	1	0
67479994	0	4	0
67571723	0	2	0
67590117	0	0	1
67591275	0	1	0
67602320	0	1	0
67608779	0	1	0
67694900	0	1	0
67715577	0	1	0
67788098	0	1	0
67793048	0	1	0
67836461	0	1	0
67851548	0	0	1
67907387	0	1	0
68033200	0	1	0
68041141	0	0	1
68108896	0	1	0
68139742	0	1	0
68175017	0	3	0
68182625	0	1	0
68212545	0	1	0
68212550	0	1	0
68215451	0	1	0
68320043	0	1	0
68321141	0	1	0
68424414	0	1	0
68513070	0	1	0
68550755	0	1	0
68596795	0	1	0
68729173	0	4	0
68786164	0	2	0
68791874	0	1	0
68928226	0	1	0
69003786	0	0	1
69015946	0	1	0
69023081	0	1	0
69162781	0	0	1
69193831	0	1	0
69299215	0	1	0
69322698	0	0	1
69325664	0	1	0
69357860	0	2	0
69428790	0	1	0
69505977	0	1	0
69510132	0	1	0
69616058	0	1	0
69634270	0	1	0
69670044	0	1	0
69741204	0	1	0
69881971	0	0	1
69929004	0	1	0
69985795	0	2	0
70093353	0	1	0
70137477	0	2	0
70188598	0	1	0
70214091	0	1	0
70228384	0	1	0
70228385	0	2	0
70281951	0	2	0
70282344	0	1	0
70311634	0	2	0
70341941	0	1	0
70457249	0	1	0
70475033	0	1	0
70581984	0	2	0
70615587	0	1	0
70627548	0	1	0
70640405	0	1	0
70658195	0	2	0
70694909	0	1	0
70760117	0	4	0
70775029	0	1	0
70831267	0	1	0
70845476	0	1	0
70853865	0	1	0
70870909	0	2	0
70961525	0	1	0
70995894	0	2	0
71065473	0	6	0
71085726	0	1	0
71096587	0	1	0
71134018	0	1	0
71156524	0	1	0
71178458	0	2	0
71182924	0	1	0
71224365	0	2	0
71227859	0	2	0
71229421	0	1	0
71234223	0	1	0
71335792	0	1	0
71381450	0	1	0
71396093	0	0	1
71499312	0	3	0
71499451	0	2	0
71512533	0	1	0
71643436	0	1	0
71840705	0	1	0
71921987	0	7	0
71962404	0	2	0
71994362	0	1	0
72048281	0	1	0
72064739	0	1	0
72079079	0	1	0
72103365	0	4	0
72264088	0	1	0
72306286	0	1	0
72370959	0	1	0
72427607	0	1	0
72478470	0	1	0
72690834	0	1	0
72745260	0	1	0
72745589	0	3	0
72758268	0	1	0
72942337	0	1	0
72958943	0	1	0
73003864	0	1	0
73021848	0	2	0
73027520	0	1	0
73110850	0	1	0
73123460	0	1	0
73160345	0	1	0
73204753	0	1	0
73248395	0	1	0
73293841	0	5	0
73298726	0	1	0
73334994	0	1	0
73445274	0	3	0
73666645	0	1	0
73694065	0	1	0
73774379	0	1	0
73808531	0	1	0
73869166	0	1	0
73898627	0	0	1
73998591	0	3	0
74039643	0	1	0
74111840	0	1	0
74137595	0	1	0
74310419	0	0	1
74386870	0	4	0
74612234	0	2	0
74626317	0	1	0
74647700	0	1	0
74873946	0	2	0
74881574	0	1	0
74988038	0	1	0
74992626	0	1	0
75055582	0	1	0
75100674	0	1	0
75105422	0	2	0
75143061	0	0	1
75204823	0	1	0
75374289	0	2	0
75591850	0	1	0
75641153	0	1	0
75693181	0	1	0
75837235	0	1	0
75950807	0	1	0
75956676	0	2	0
76133768	0	2	0
76202862	0	1	0
76256863	0	2	0
76279399	0	1	0
76306013	0	1	0
76379077	0	5	0
76446170	0	2	0
76518263	0	1	0
76524454	0	1	0
76526485	0	2	0
76541107	0	2	0
76544544	0	11	0
76740308	0	1	0
76772608	0	1	0
76772616	0	1	0
76799647	0	1	0
76967331	0	1	0
77040290	0	3	0
77061675	0	1	0
77068561	0	1	0
77095333	0	2	0
77202207	0	1	0
77248165	0	1	0
77318263	0	2	0
77392390	0	1	0
77398895	0	1	0
77418430	0	1	0
77432007	0	2	0
77537681	0	1	0
77641721	0	1	0
77641733	0	2	0
77653963	0	2	0
77710240	0	1	0
77714233	0	1	0
77809616	0	1	0
77882759	0	7	0
77889089	0	1	0
77907911	0	1	0
77977414	0	1	0
78085766	0	1	0
78116848	0	1	0
78156402	0	3	0
78177926	0	1	0
78198748	0	2	0
78212879	0	1	0
78261869	0	1	0
78311525	0	1	0
78475328	0	2	0
78475344	0	1	0
78475366	0	2	0
78475401	0	1	0
78475417	0	1	0
78475431	0	1	0
78475440	0	1	0
78475444	0	1	0
78475447	0	1	0
78475466	0	1	0
78555161	0	1	0
78585300	0	1	0
78639257	0	1	0
78671337	0	5	0
78761322	0	1	0
78773851	0	0	1
78856119	0	2	0
79064105	0	2	0
79094720	0	0	1
79122894	0	1	0
79130778	0	2	0
79140744	0	1	0
79173170	0	2	0
79195547	0	0	1
79204524	0	1	0
79206894	0	1	0
79317434	0	3	0
79377252	0	1	0
79390561	0	3	0
79417951	0	2	0
79457796	0	1	0
79505799	0	1	0
79546194	0	1	0
79552878	0	2	0
79682768	0	1	0
79703850	0	1	0
79792363	0	1	0
79847836	0	1	0
79947034	0	1	0
79973392	0	1	0
80040476	0	2	0
80127459	0	1	0
80173301	0	1	0
80229549	0	1	0
80263198	0	1	0
80299213	0	2	0
80488217	0	1	0
80503421	0	5	0
80514124	0	1	0
80540317	0	2	0
80552356	0	1	0
80589405	0	1	0
80650591	0	2	0
80685622	0	2	0
80738821	0	1	0
80814656	0	4	0
80864589	0	1	0
80903386	0	1	0
80932782	0	1	0
81005904	0	1	0
81065486	0	5	0
81256032	0	0	1
81265772	0	1	0
81286497	0	1	0
81292827	0	2	0
81452023	0	6	0
81485548	0	1	0
81583680	0	1	0
81667502	0	1	0
81674912	0	1	0
81730091	0	3	0
81771184	0	1	0
81865404	0	3	0
82019515	0	1	0
82095369	0	3	0
82112204	0	1	0
82116957	0	1	0
82135724	0	1	0
82169931	0	1	0
82214814	0	4	0
82317748	0	1	0
82399285	0	1	0
82506524	0	1	0
82523774	0	1	0
82566751	0	2	0
82566919	0	1	0
82575731	0	1	0
82622644	0	1	0
82652550	0	1	0
82788851	0	0	1
82807082	0	1	0
82891000	0	0	1
82939929	0	1	0
83015796	0	1	0
83049515	0	3	0
83171849	0	1	0
83194828	0	2	0
83301545	0	2	0
83342624	0	3	0
83433900	0	1	0
83489733	0	1	0
83714936	0	1	0
83716452	0	3	0
83824990	0	2	0
83860559	0	1	0
83938848	0	2	0
84032930	0	1	0
84033808	0	2	0
84126078	0	2	0
84216807	0	2	0
84216894	0	1	0
84221294	0	2	0
84269247	0	1	0
84289074	0	1	0
84299539	0	3	0
84393750	0	1	0
84451418	0	1	0
84459865	0	1	0
84673624	0	2	0
84708789	0	1	0
84762378	0	1	0
84766662	0	2	0
84781091	0	1	0
85047324	0	0	1
85062698	0	1	0
85211949	0	1	0
85248665	0	1	0
85281456	0	3	0
85287104	0	1	0
85309494	0	1	0
85387897	0	2	0
85543737	0	2	0
85548541	0	1	0
85758093	0	2	0
85886090	0	1	0
85898843	0	5	0
85961709	0	1	0
86060110	0	2	0
86068968	0	1	0
86159924	0	7	0
86261735	0	1	0
86576289	0	1	0
86642895	0	2	0
86684017	0	1	0
86779778	0	1	0
86805358	0	1	0
86870084	0	1	0
86888089	0	1	0
86892271	0	1	0
86893149	0	1	0
86898917	0	1	0
86921960	0	1	0
86940989	0	1	0
86964399	0	3	0
86965860	0	1	0
87001682	0	3	0
87028347	0	1	0
87092140	0	2	0
87108609	0	1	0
87162302	0	1	0
87326359	0	1	0
87343654	0	2	0
87404462	0	1	0
87432178	0	1	0
87447233	0	1	0
87495223	0	1	0
87511141	0	1	0
87552816	0	2	0
87616949	0	2	0
87651935	0	3	0
87674149	0	1	0
87690721	0	1	0
87747886	0	1	0
87886546	0	1	0
87891533	0	2	0
87981936	0	1	0
87984910	0	1	0
88097782	0	1	0
88141174	0	1	0
88452670	0	1	0
88459891	0	1	0
88500025	0	2	0
88560318	0	1	0
88568557	0	1	0
88768067	0	3	0
88804390	0	1	0
88855980	0	2	0
88924721	0	1	0
88953406	0	1	0
88973048	0	2	0
88979311	0	1	0
89077519	0	3	0
89155288	0	1	0
89200940	0	1	0
89296102	0	1	0
89403876	0	1	0
89417533	0	1	0
89480959	0	1	0
89583633	0	1	0
89651780	0	1	0
89659606	0	2	0
89779718	0	1	0
89875607	0	1	0
89882276	0	2	0
90001762	0	1	0
90071847	0	1	0
90083304	0	1	0
90172648	0	1	0
90394309	0	8	0
90425123	0	1	0
90542623	0	1	0
90547150	0	1	0
90725569	0	1	0
90798590	0	3	0
90863834	0	4	0
90878385	0	0	1
91047128	0	1	0
91137256	0	1	0
91182808	0	1	0
91312797	0	1	0
91427309	0	1	0
91443828	0	1	0
91536256	0	1	0
91566400	0	1	0
91667962	0	0	1
91745181	0	1	0
91765700	0	2	0
91832195	0	3	0
91879960	0	2	0
91943383	0	2	0
92050817	0	3	0
92058724	0	1	0
92151863	0	1	0
92202019	0	1	0
92265448	0	1	0
92391452	0	1	0
92476476	0	1	0
92509994	0	1	0
92547929	0	1	0
92558945	0	1	0
92566889	0	1	0
92614535	0	1	0
92681142	0	2	0
93062708	0	3	0
93170140	0	2	0
93259995	0	3	0
93308203	0	1	0
93357583	0	3	0
93403246	0	1	0
93462081	0	4	0
93505132	0	1	0
93609264	0	1	0
93654750	0	1	0
93657933	0	1	0
93688994	0	1	0
93706431	0	1	0
93757475	0	1	0
93802246	0	1	0
93802505	0	1	0
93908790	0	1	0
94176427	0	1	0
94186717	0	2	0
94196844	0	2	0
94248080	0	0	1
94303571	0	2	0
94385064	0	1	0
94414302	0	1	0
94437823	0	1	0
94466219	0	1	0
94523778	0	1	0
94547505	0	1	0
94552805	0	2	0
94767621	0	1	0
94814167	0	1	0
94865321	0	1	0
94996210	0	2	0
95007184	0	4	0
95041727	0	1	0
95102623	0	1	0
95125937	0	0	1
95151507	0	1	0
95286266	0	1	0
95615196	0	3	0
95643788	0	1	0
95792158	0	2	0
95913826	0	1	0
95987818	0	2	0
96033080	0	1	0
96075510	0	0	1
96089436	0	1	0
96215710	0	1	0
96352236	0	1	0
96363767	0	1	0
96398226	0	1	0
96402502	0	0	1
96402505	0	0	1
96419603	0	1	0
96448133	0	4	0
96518825	0	1	0
96563626	0	2	0
96625045	0	1	0
96734253	0	1	0
96773333	0	1	0
96800980	0	3	0
96838705	0	1	0
97013210	0	1	0
97051326	0	1	0
97086365	0	1	0
97118958	0	1	0
97236178	0	4	0
97280896	0	3	0
97365066	0	1	0
97368191	0	4	0
97404477	0	1	0
97644650	0	1	0
97694315	0	3	0
97750011	0	4	0
97794713	0	1	0
97820971	0	1	0
97835148	0	2	0
97956694	0	1	0
98020357	0	2	0
98101932	0	2	0
98162815	0	1	0
98181569	0	3	0
98269153	0	1	0
98292491	0	1	0
98392485	0	2	0
98664645	0	1	0
98689981	0	2	0
98729243	0	1	0
98732495	0	1	0
98762665	0	2	0
98799247	0	1	0
98847741	0	2	0
99209661	0	1	0
99332305	0	2	0
99354588	0	1	0
99407052	0	1	0
99446396	0	1	0
99496073	0	1	0
99544165	0	1	0
99621097	0	1	0
99636716	0	1	0
99649225	0	1	0
99675952	0	1	0
99854828	0	1	0
100036793	0	1	0
100077778	0	1	0
100106492	0	1	0
100140263	0	1	0
100375370	0	3	0
100411708	0	1	0
100560582	0	1	0
100654176	0	5	0
100785633	0	1	0
100816367	0	1	0
100900780	0	1	0
100908895	0	2	0
101014631	0	4	0
101219601	0	2	0
101230688	0	2	0
101253554	0	2	0
101396161	0	1	0
101498822	0	1	0
101568251	0	1	0
101699137	0	2	0
101728351	0	2	0
101881409	0	2	0
101951073	0	1	0
101952110	0	1	0
101980732	0	3	0
102211460	0	1	0
102213835	0	1	0
102361534	0	1	0
102455923	0	1	0
102456801	0	2	0
102546369	0	1	0
102552952	0	1	0
102554343	0	1	0
102688503	0	0	1
102864397	0	2	0
103051302	0	1	0
103125542	0	2	0
103150544	0	4	0
103212136	0	1	0
103563215	0	1	0
103565446	0	1	0
103631893	0	2	0
103828383	0	1	0
103847234	0	2	0
103916197	0	1	0
103997288	0	5	0
104230568	0	2	0
104343743	0	3	0
104346028	0	1	0
104460761	0	1	0
104562811	0	1	0
104988478	0	1	0
105072764	0	1	0
105115660	0	1	0
105212422	0	1	0
105301407	0	1	0
105656565	0	1	0
105662387	0	2	0
105678441	0	1	0
105690025	0	2	0
105696440	0	1	0
105726812	0	3	0
105827090	0	1	0
105850474	0	1	0
105925892	0	1	0
105961824	0	3	0
105979457	0	1	0
106062227	0	2	0
106161644	0	1	0
106252167	0	1	0
106620352	0	1	0
106624665	0	1	0
106686048	0	1	0
106808264	0	1	0
106870105	0	3	0
106895809	0	1	0
107009527	0	1	0
107058854	0	2	0
107234586	0	1	0
107428485	0	1	0
107484555	0	2	0
107822351	0	1	0
107881974	0	1	0
108293153	0	1	0
108418600	0	1	0
108522776	0	1	0
108563324	0	1	0
108571403	0	1	0
108917056	0	1	0
109303481	0	1	0
109594760	0	1	0
109893663	0	5	0
110063007	0	1	0
110064618	0	3	0
110195581	0	1	0
110511111	0	1	0
110543099	0	1	0
110549349	0	2	0
110646140	0	1	0
110898732	0	1	0
110921793	0	1	0
111035715	0	1	0
111037613	0	1	0
111297089	0	3	0
111301844	0	1	0
111409348	0	1	0
111497858	0	1	0
111502907	0	1	0
111729533	0	1	0
111766043	0	2	0
111816335	0	1	0
111837871	0	1	0
112590159	0	1	0
113420182	0	1	0
113491375	0	3	0
113610657	0	1	0
113743636	0	1	0
113824938	0	1	0
113832502	0	1	0
113874669	0	1	0
113963269	0	1	0
114075030	0	3	0
114699269	0	1	0
114743589	0	6	0
114992999	0	1	0
115042885	0	5	0
115042914	0	1	0
115042915	0	1	0
115042969	0	2	0
115084819	0	1	0
115123727	0	1	0
115137086	0	1	0
115597729	0	1	0
115792126	0	2	0
115936332	0	1	0
116363605	0	2	0
116507971	0	1	0
117041278	0	4	0
117051654	0	1	0
117220322	0	2	0
117249631	0	5	0
117258757	0	1	0
118078065	0	1	0
118172268	0	3	0
118513095	0	0	1
118528185	0	1	0
118928709	0	2	0
119051163	0	1	0
119318411	0	1	0
119424093	0	1	0
119845914	0	1	0
120072208	0	1	0
120072987	0	1	0
120342056	0	1	0
120462124	0	1	0
120791834	0	4	0
120930724	0	1	0
121402645	0	1	0
121739132	0	1	0
121860207	0	0	1
121933617	0	1	0
121998428	0	3	0
122036857	0	0	1
122106305	0	1	0
122130571	0	3	0
122610291	0	6	0
122631499	0	1	0
122799583	0	1	0
123028581	0	1	0
123341014	0	1	0
123481917	0	1	0
123806272	0	1	0
124095308	0	1	0
124355890	0	1	0
124386251	0	1	0
124526882	0	3	0
124859536	0	1	0
125490742	0	7	0
125570868	0	1	0
125590738	0	4	0
125609249	0	4	0
126010573	0	2	0
126083242	0	1	0
126310438	0	1	0
126532198	0	1	0
126829118	0	1	0
126842529	0	1	0
127147140	0	1	0
127403907	0	1	0
127410758	0	1	0
127485449	0	2	0
127524562	0	1	0
127873636	0	1	0
128466413	0	1	0
128730286	0	1	0
129006676	0	1	0
130662294	0	1	0
130767143	0	1	0
130966394	0	3	0
131016700	0	1	0
131410951	0	1	0
131422292	0	0	1
131895079	0	1	0
132139705	0	2	0
132157062	0	1	0
132306295	0	1	0
133027385	0	1	0
133263297	0	1	0
133421331	0	1	0
133502660	0	1	0
134086015	0	1	0
134134466	0	1	0
134965051	0	2	0
135052645	0	1	0
135360564	0	3	0
135492838	0	3	0
136358993	0	1	0
136359011	0	1	0
136359013	0	3	0
136359025	0	1	0
136359036	0	1	0
136359053	0	1	0
136359065	0	1	0
136370651	0	1	0
136584671	0	8	0
136962067	0	1	0
137664214	0	1	0
137772211	0	1	0
138063417	0	1	0
138114925	0	1	0
138187032	0	3	0
138210470	0	1	0
138618276	0	2	0
139005886	0	1	0
140159195	0	1	0
140474540	0	1	0
140691874	0	1	0
140747642	0	1	0
140999647	0	1	0
141017004	0	1	0
141948755	0	1	0
142512031	0	1	0
142848175	0	1	0
143073509	0	1	0
143073626	0	1	0
143908242	0	2	0
144225041	0	9	0
145331133	0	2	0
146647615	0	1	0
146921453	0	2	0
146948634	0	1	0
147167370	0	4	0
147556559	0	3	0
148405670	0	1	0
148550530	0	1	0
149791591	0	1	0
149791661	0	1	0
151312686	0	1	0
151646257	0	2	0
151646264	0	5	0
151646278	0	2	0
151646312	0	1	0
151679208	0	2	0
153144024	0	2	0
153326309	0	1	0
154347622	0	2	0
155664630	0	1	0
156265913	0	2	0
157104942	0	1	0
159433039	0	1	0
160066641	0	1	0
161644738	0	1	0
162408418	0	3	0
165377571	0	1	0
169395801	0	1	0
169701345	0	1	0
170704939	0	1	0
171138652	0	1	0
180418045	0	2	0

