## htsjdk.samtools.metrics.StringHeader
# CollectInsertSizeMetrics --Histogram_FILE /dev/null --MINIMUM_PCT 0.0 --INCLUDE_DUPLICATES true --INPUT 260629_Emseq_LV_index_F1_Bap1_Math1_adult_mut_M1_S2.good_mapq --OUTPUT 260629_Emseq_LV_index_F1_Bap1_Math1_adult_mut_M1_S2.good_mapq.insert_size_metrics.txt --VALIDATION_STRINGENCY SILENT --DEVIATIONS 10.0 --METRIC_ACCUMULATION_LEVEL ALL_READS --ASSUME_SORTED true --STOP_AFTER 0 --VERBOSITY INFO --QUIET false --COMPRESSION_LEVEL 5 --MAX_RECORDS_IN_RAM 500000 --CREATE_INDEX false --CREATE_MD5_FILE false --help false --version false --showHidden false --USE_JDK_DEFLATER false --USE_JDK_INFLATER false
## htsjdk.samtools.metrics.StringHeader
# Started on: Wed Jul 29 16:39:44 PDT 2026

## METRICS CLASS	picard.analysis.InsertSizeMetrics
MEDIAN_INSERT_SIZE	MODE_INSERT_SIZE	MEDIAN_ABSOLUTE_DEVIATION	MIN_INSERT_SIZE	MAX_INSERT_SIZE	MEAN_INSERT_SIZE	STANDARD_DEVIATION	READ_PAIRS	PAIR_ORIENTATION	WIDTH_OF_10_PERCENT	WIDTH_OF_20_PERCENT	WIDTH_OF_30_PERCENT	WIDTH_OF_40_PERCENT	WIDTH_OF_50_PERCENT	WIDTH_OF_60_PERCENT	WIDTH_OF_70_PERCENT	WIDTH_OF_80_PERCENT	WIDTH_OF_90_PERCENT	WIDTH_OF_95_PERCENT	WIDTH_OF_99_PERCENT	SAMPLE	LIBRARY	READ_GROUP
237	205	57	2	178131343	251.935144	91.505956	488263349	FR	23	45	67	91	115	143	175	215	289	381	575			
15062510	16039	15046577	2	183345055	29681936.008242	35754909.101037	11187	RF	10753551	21780423	29874523	30092931	30093155	30124325	55318243	90712183	137643587	182610735	245686351			
39388208.5	96804	28595484	96804	162098135	50591191.084906	40777399.757453	106	TANDEM	9327315	25376693	36767483	49104183	57158403	66851217	76835373	98839361	138931155	173184193	221388619			

## HISTOGRAM	java.lang.Integer
insert_size	All_Reads.fr_count	All_Reads.rf_count	All_Reads.tandem_count
2	4075	3	0
3	4390	2	0
4	4458	1	0
5	5021	2	0
6	5356	1	0
7	5439	2	0
8	6107	0	0
9	6216	0	0
10	6483	3	0
11	6772	1	0
12	7045	3	0
13	7428	0	0
14	7972	4	0
15	8068	1	0
16	8028	3	0
17	8559	1	0
18	8741	0	0
19	8914	0	0
20	8989	1	0
21	9587	0	0
22	10230	0	0
23	10369	1	0
24	10497	0	0
25	10776	1	0
26	11149	0	0
27	11691	0	0
28	11956	3	0
29	12473	1	0
30	12886	1	0
31	13189	0	0
32	13420	1	0
33	13670	1	0
34	13744	4	0
35	14091	0	0
36	14508	4	0
37	15212	0	0
38	5948	0	0
39	5298	0	0
40	5268	0	0
41	5591	1	0
42	6102	0	0
43	6935	0	0
44	7062	0	0
45	8153	0	0
46	8779	2	0
47	9488	3	0
48	10070	1	0
49	10620	0	0
50	10881	3	0
51	11578	3	0
52	11972	0	0
53	12434	3	0
54	13024	1	0
55	13641	3	0
56	13215	0	0
57	13902	1	0
58	15083	2	0
59	15747	1	0
60	16453	0	0
61	16914	4	0
62	17633	0	0
63	18687	0	0
64	19630	0	0
65	20500	1	0
66	21907	0	0
67	23569	1	0
68	25426	0	0
69	27321	0	0
70	29603	0	0
71	31960	1	0
72	34346	2	0
73	37646	1	0
74	40508	3	0
75	46228	0	0
76	49717	6	0
77	54344	2	0
78	58634	0	0
79	63837	0	0
80	71597	4	0
81	75850	0	0
82	83053	0	0
83	90421	1	0
84	96701	5	0
85	104355	1	0
86	113902	0	0
87	123620	0	0
88	134506	0	0
89	146072	3	0
90	156686	0	0
91	168488	0	0
92	181680	1	0
93	194648	0	0
94	209237	0	0
95	221634	0	0
96	235589	0	0
97	250742	0	0
98	265896	1	0
99	280931	0	0
100	298205	0	0
101	314656	0	0
102	332490	0	0
103	348398	2	0
104	366794	1	0
105	386068	1	0
106	404102	0	0
107	426108	0	0
108	446266	0	0
109	467359	2	0
110	489646	0	0
111	510168	0	0
112	535828	0	0
113	556528	0	0
114	580199	0	0
115	604722	0	0
116	629707	0	0
117	654966	1	0
118	677886	0	0
119	705664	0	0
120	733574	0	0
121	761952	0	0
122	788336	0	0
123	818198	1	0
124	846524	0	0
125	876691	3	0
126	905583	1	0
127	933442	0	0
128	964419	0	0
129	995125	0	0
130	1024224	0	0
131	1053907	2	0
132	1087170	0	0
133	1118892	0	0
134	1146272	0	0
135	1177769	1	0
136	1208802	2	0
137	1238402	0	0
138	1271411	0	0
139	1303315	3	0
140	1335354	0	0
141	1367275	2	0
142	1397294	0	0
143	1432661	2	0
144	1462237	0	0
145	1496356	0	0
146	1522592	0	0
147	1553305	0	0
148	1584612	0	0
149	1613442	0	0
150	1646787	0	0
151	1675570	0	0
152	1701326	0	0
153	1725999	0	0
154	1748994	0	0
155	1778205	0	0
156	1801262	0	0
157	1822360	0	0
158	1845530	0	0
159	1870007	0	0
160	1891851	0	0
161	1916507	0	0
162	1939374	1	0
163	1962396	0	0
164	1980364	0	0
165	2002560	0	0
166	2022098	0	0
167	2044148	0	0
168	2062444	0	0
169	2085992	1	0
170	2101212	0	0
171	2117999	4	0
172	2141128	1	0
173	2157844	6	0
174	2176305	0	0
175	2194542	1	0
176	2208971	0	0
177	2226013	1	0
178	2238785	0	0
179	2254293	0	0
180	2267869	2	0
181	2284196	0	0
182	2294875	0	0
183	2307504	0	0
184	2317662	1	0
185	2331243	0	0
186	2340514	3	0
187	2351027	1	0
188	2361014	0	0
189	2369244	1	0
190	2375350	0	0
191	2384194	1	0
192	2389859	0	0
193	2397078	0	0
194	2403815	0	0
195	2408398	1	0
196	2410555	0	0
197	2416002	0	0
198	2419050	1	0
199	2426141	1	0
200	2423525	0	0
201	2426733	0	0
202	2429171	0	0
203	2430225	0	0
204	2431046	0	0
205	2431074	0	0
206	2430190	2	0
207	2427778	0	0
208	2428372	0	0
209	2426558	0	0
210	2426358	0	0
211	2423711	1	0
212	2420057	0	0
213	2418094	0	0
214	2412512	0	0
215	2411232	0	0
216	2405920	1	0
217	2402688	0	0
218	2400703	1	0
219	2394648	0	0
220	2387081	0	0
221	2380060	0	0
222	2377544	0	0
223	2371122	0	0
224	2363995	0	0
225	2352987	0	0
226	2348360	0	0
227	2340536	1	0
228	2335220	0	0
229	2325955	0	0
230	2322398	0	0
231	2313249	0	0
232	2308679	0	0
233	2297056	0	0
234	2289012	0	0
235	2274413	0	0
236	2254317	0	0
237	2247489	1	0
238	2239383	0	0
239	2232023	0	0
240	2219373	1	0
241	2206125	5	0
242	2196899	1	0
243	2187839	0	0
244	2171079	0	0
245	2160273	0	0
246	2148549	0	0
247	2139675	0	0
248	2127610	2	0
249	2115923	1	0
250	2103653	0	0
251	2093563	1	0
252	2077551	0	0
253	2063856	0	0
254	2054056	0	0
255	2038666	3	0
256	2029032	0	0
257	2013818	0	0
258	2002522	3	0
259	1988532	0	0
260	1975958	2	0
261	1963952	1	0
262	1946671	0	0
263	1935550	0	0
264	1923359	0	0
265	1907201	0	0
266	1891583	0	0
267	1881952	0	0
268	1868624	0	0
269	1856452	0	0
270	1841755	0	0
271	1829054	0	0
272	1796767	0	0
273	1780202	0	0
274	1769572	0	0
275	1755757	0	0
276	1740230	0	0
277	1727915	0	0
278	1717695	0	0
279	1703390	1	0
280	1690597	0	0
281	1677815	0	0
282	1669021	0	0
283	1652937	0	0
284	1639980	0	0
285	1627597	0	0
286	1616178	1	0
287	1601164	0	0
288	1590988	0	0
289	1580811	0	0
290	1566304	2	0
291	1549963	0	0
292	1540699	1	0
293	1526589	0	0
294	1513712	0	0
295	1501004	0	0
296	1491743	0	0
297	1478409	0	0
298	1463414	8	0
299	1449914	0	0
300	1442266	0	0
301	1425353	0	0
302	1410539	1	0
303	1404416	0	0
304	1391044	0	0
305	1378381	0	0
306	1368038	0	0
307	1355859	0	0
308	1339969	7	0
309	1332313	0	0
310	1318611	0	0
311	1303349	0	0
312	1294577	1	0
313	1285233	0	0
314	1270509	0	0
315	1259424	0	0
316	1247957	0	0
317	1232323	1	0
318	1222101	0	0
319	1210321	1	0
320	1200187	0	0
321	1188402	1	0
322	1176394	0	0
323	1166560	2	0
324	1156540	0	0
325	1146925	0	0
326	1135806	0	0
327	1121194	5	0
328	1113247	1	0
329	1097679	1	0
330	1088567	0	0
331	1075511	0	0
332	1065854	0	0
333	1056239	1	0
334	1048275	2	0
335	1035221	0	0
336	1025324	0	0
337	1013420	0	0
338	1005710	0	0
339	993516	0	0
340	981303	1	0
341	971381	0	0
342	961584	0	0
343	949506	4	0
344	944385	0	0
345	933318	1	0
346	925629	0	0
347	913744	0	0
348	904169	3	0
349	891399	0	0
350	882032	0	0
351	876306	0	0
352	864526	0	0
353	856277	0	0
354	843220	0	0
355	834903	0	0
356	825470	0	0
357	815794	0	0
358	805662	1	0
359	802108	0	0
360	789474	0	0
361	779076	5	0
362	773631	0	0
363	766118	0	0
364	756327	0	0
365	749785	0	0
366	740898	0	0
367	729978	0	0
368	723807	0	0
369	715899	0	0
370	706250	1	0
371	698746	2	0
372	691815	0	0
373	683968	0	0
374	674041	0	0
375	667549	1	0
376	660486	1	0
377	654496	1	0
378	645671	2	0
379	635665	0	0
380	629840	0	0
381	621881	2	0
382	615616	0	0
383	607671	0	0
384	599146	0	0
385	592226	0	0
386	585583	0	0
387	578913	1	0
388	570160	0	0
389	564960	2	0
390	560897	0	0
391	551621	0	0
392	546692	2	0
393	538693	0	0
394	530670	1	0
395	528245	1	0
396	521197	1	0
397	512314	0	0
398	507932	0	0
399	499534	0	0
400	494812	0	0
401	487669	1	0
402	480350	0	0
403	476053	1	0
404	468318	0	0
405	463065	1	0
406	460768	0	0
407	453172	0	0
408	445525	0	0
409	442659	0	0
410	436752	0	0
411	428568	0	0
412	427309	1	0
413	418787	0	0
414	414021	1	0
415	412124	0	0
416	405550	0	0
417	401383	1	0
418	391925	0	0
419	387718	0	0
420	381912	0	0
421	376758	3	0
422	374535	0	0
423	369696	0	0
424	365172	0	0
425	360642	0	0
426	356776	0	0
427	349658	0	0
428	350114	0	0
429	344041	0	0
430	337625	0	0
431	335307	0	0
432	329816	0	0
433	325994	4	0
434	321326	0	0
435	318273	0	0
436	313637	1	0
437	309953	0	0
438	305414	0	0
439	303912	0	0
440	298081	0	0
441	294998	1	0
442	290143	0	0
443	287454	0	0
444	283938	0	0
445	277741	0	0
446	275648	1	0
447	271857	1	0
448	269146	2	0
449	265373	0	0
450	260410	0	0
451	259107	1	0
452	256721	0	0
453	253036	0	0
454	248363	0	0
455	244384	0	0
456	243609	0	0
457	238784	0	0
458	234529	0	0
459	233113	2	0
460	230895	0	0
461	227493	0	0
462	225514	1	0
463	222284	0	0
464	219208	0	0
465	217102	0	0
466	212957	0	0
467	210672	0	0
468	207485	0	0
469	205869	0	0
470	200121	1	0
471	199147	0	0
472	195430	0	0
473	192508	0	0
474	192100	0	0
475	188290	0	0
476	187565	0	0
477	184447	0	0
478	181086	0	0
479	178739	0	0
480	177016	0	0
481	174307	0	0
482	170881	0	0
483	171095	0	0
484	167984	0	0
485	165118	0	0
486	163952	0	0
487	159299	0	0
488	156992	0	0
489	154440	0	0
490	153887	0	0
491	150835	0	0
492	148564	0	0
493	145474	0	0
494	143857	0	0
495	140986	0	0
496	141275	2	0
497	137772	0	0
498	136116	0	0
499	134074	0	0
500	131703	0	0
501	131009	0	0
502	129515	0	0
503	127813	0	0
504	124845	0	0
505	122618	0	0
506	120871	0	0
507	118692	0	0
508	116710	0	0
509	115254	0	0
510	113302	0	0
511	111998	0	0
512	109612	0	0
513	108372	0	0
514	105688	0	0
515	106924	0	0
516	103848	0	0
517	102894	0	0
518	100617	4	0
519	98364	0	0
520	97715	2	0
521	96302	0	0
522	94527	0	0
523	90518	0	0
524	87874	0	0
525	87170	0	0
526	85363	0	0
527	83566	0	0
528	83038	0	0
529	83134	0	0
530	80019	0	0
531	79096	0	0
532	77296	1	0
533	77457	0	0
534	75506	0	0
535	73157	0	0
536	73053	0	0
537	72545	0	0
538	71110	1	0
539	68453	0	0
540	68458	0	0
541	66627	0	0
542	66382	0	0
543	65767	0	0
544	63836	0	0
545	62480	0	0
546	62447	0	0
547	60979	0	0
548	60268	0	0
549	59656	0	0
550	58471	0	0
551	56324	0	0
552	56133	1	0
553	54298	0	0
554	53567	0	0
555	52678	0	0
556	52534	0	0
557	51037	2	0
558	50407	0	0
559	50016	0	0
560	48812	0	0
561	47584	0	0
562	47639	0	0
563	46569	0	0
564	46327	1	0
565	44713	0	0
566	43742	1	0
567	42875	0	0
568	42747	0	0
569	42209	0	0
570	41352	0	0
571	39506	0	0
572	39961	0	0
573	37934	0	0
574	37419	2	0
575	37137	0	0
576	35835	0	0
577	36750	0	0
578	35445	0	0
579	34749	0	0
580	33536	0	0
581	33434	0	0
582	33259	0	0
583	32066	0	0
584	31479	0	0
585	30860	0	0
586	30344	0	0
587	30582	3	0
588	28392	2	0
589	28723	0	0
590	27688	0	0
591	27588	0	0
592	27161	0	0
593	27073	0	0
594	26649	0	0
595	25899	0	0
596	24737	0	0
597	24026	0	0
598	23820	0	0
599	23670	0	0
600	22623	0	0
601	22228	0	0
602	22178	0	0
603	22132	0	0
604	21622	1	0
605	21019	0	0
606	20602	0	0
607	19783	0	0
608	19742	0	0
609	19135	0	0
610	18902	0	0
611	18958	1	0
612	17999	0	0
613	17792	0	0
614	17353	0	0
615	17361	1	0
616	16776	0	0
617	16494	0	0
618	16155	0	0
619	15785	0	0
620	15345	0	0
621	15191	0	0
622	15305	0	0
623	14185	0	0
624	14316	0	0
625	13577	0	0
626	14974	0	0
627	12844	0	0
628	13342	0	0
629	13155	0	0
630	12675	0	0
631	11961	0	0
632	11751	0	0
633	11754	0	0
634	11522	0	0
635	10935	0	0
636	10973	0	0
637	11128	0	0
638	10576	0	0
639	10183	0	0
640	9662	0	0
641	9877	0	0
642	9649	0	0
643	9754	2	0
644	9472	0	0
645	8856	0	0
646	8862	0	0
647	8642	0	0
648	8366	0	0
649	8249	0	0
650	7641	0	0
651	8201	0	0
652	7767	0	0
653	7624	0	0
654	7299	0	0
655	7062	0	0
656	7293	0	0
657	6752	0	0
658	6547	0	0
659	6380	0	0
660	6342	0	0
661	6107	0	0
662	6013	0	0
663	5638	0	0
664	5954	0	0
665	5293	0	0
666	5398	0	0
667	5383	0	0
668	5315	1	0
669	5121	0	0
670	5228	0	0
671	4929	2	0
672	4784	0	0
673	4349	0	0
674	4168	0	0
675	4602	0	0
676	4178	0	0
677	3955	0	0
678	3947	0	0
679	3661	1	0
680	3765	0	0
681	3633	0	0
682	3629	0	0
683	3541	0	0
684	3522	0	0
685	3305	0	0
686	3240	0	0
687	3008	0	0
688	3348	0	0
689	2979	0	0
690	2981	0	0
691	2759	0	0
692	2806	0	0
693	2697	0	0
694	2432	0	0
695	2327	0	0
696	2516	2	0
697	2465	0	0
698	2319	0	0
699	2255	0	0
700	2116	0	0
701	2078	0	0
702	1950	0	0
703	1923	0	0
704	1902	2	0
705	1978	0	0
706	1868	0	0
707	1847	0	0
708	1949	0	0
709	1609	0	0
710	1708	0	0
711	1645	0	0
712	1530	0	0
713	1684	0	0
714	1608	0	0
715	1425	0	0
716	1310	0	0
717	1298	0	0
718	1361	0	0
719	1296	0	0
720	1320	0	0
721	1264	0	0
722	1238	0	0
723	1103	0	0
724	1090	0	0
725	1095	0	0
726	1139	1	0
727	1057	0	0
728	975	0	0
729	904	0	0
730	1023	0	0
731	945	0	0
732	970	0	0
733	890	0	0
734	850	0	0
735	918	0	0
736	795	0	0
737	782	0	0
738	799	0	0
739	809	0	0
740	589	1	0
741	740	0	0
742	639	0	0
743	758	0	0
744	694	0	0
745	638	0	0
746	610	0	0
747	701	0	0
748	629	0	0
749	597	0	0
750	506	0	0
751	571	0	0
752	580	1	0
753	536	0	0
754	493	0	0
755	526	0	0
756	459	0	0
757	500	0	0
758	444	0	0
759	421	0	0
760	484	0	0
761	478	0	0
762	348	0	0
763	432	0	0
764	371	0	0
765	333	0	0
766	338	0	0
767	405	0	0
768	362	0	0
769	329	0	0
770	351	0	0
771	359	0	0
772	385	0	0
773	227	0	0
774	278	0	0
775	275	3	0
776	252	0	0
777	242	0	0
778	240	0	0
779	243	0	0
780	283	0	0
781	245	0	0
782	286	0	0
783	237	0	0
784	199	0	0
785	158	0	0
786	233	0	0
787	134	0	0
788	168	0	0
789	140	0	0
790	135	0	0
791	134	0	0
792	177	0	0
793	186	0	0
794	155	0	0
795	144	0	0
796	146	0	0
797	165	0	0
798	164	0	0
799	148	0	0
800	130	0	0
801	144	0	0
802	154	1	0
803	94	0	0
804	186	0	0
805	134	0	0
806	142	0	0
807	119	0	0
810	0	1	0
826	0	1	0
831	0	2	0
926	0	3	0
937	0	2	0
938	0	6	0
943	0	1	0
948	0	5	0
958	0	1	0
1006	0	1	0
1016	0	3	0
1027	0	1	0
1034	0	2	0
1040	0	2	0
1050	0	6	0
1061	0	1	0
1064	0	1	0
1084	0	2	0
1089	0	8	0
1104	0	1	0
1115	0	1	0
1124	0	2	0
1128	0	1	0
1131	0	1	0
1135	0	1	0
1137	0	1	0
1168	0	2	0
1173	0	1	0
1183	0	4	0
1184	0	1	0
1185	0	1	0
1194	0	1	0
1198	0	1	0
1203	0	2	0
1225	0	2	0
1226	0	1	0
1230	0	1	0
1238	0	2	0
1254	0	2	0
1257	0	3	0
1272	0	1	0
1274	0	1	0
1276	0	1	0
1287	0	1	0
1297	0	1	0
1326	0	2	0
1332	0	2	0
1360	0	1	0
1497	0	1	0
1563	0	1	0
1637	0	2	0
1648	0	4	0
1679	0	4	0
1727	0	2	0
1751	0	1	0
1771	0	2	0
1772	0	2	0
1780	0	1	0
1877	0	1	0
1890	0	1	0
1958	0	3	0
1967	0	1	0
2028	0	1	0
2033	0	6	0
2056	0	2	0
2071	0	1	0
2091	0	1	0
2092	0	8	0
2099	0	5	0
2128	0	1	0
2129	0	4	0
2143	0	2	0
2147	0	4	0
2167	0	2	0
2174	0	1	0
2180	0	6	0
2182	0	4	0
2196	0	4	0
2202	0	1	0
2211	0	6	0
2220	0	2	0
2229	0	1	0
2243	0	2	0
2248	0	3	0
2259	0	2	0
2285	0	2	0
2301	0	1	0
2307	0	8	0
2311	0	1	0
2312	0	4	0
2317	0	3	0
2319	0	2	0
2321	0	1	0
2327	0	1	0
2331	0	1	0
2344	0	1	0
2345	0	1	0
2346	0	2	0
2355	0	2	0
2359	0	1	0
2361	0	1	0
2362	0	2	0
2363	0	4	0
2366	0	1	0
2367	0	1	0
2372	0	2	0
2378	0	2	0
2382	0	1	0
2384	0	4	0
2388	0	1	0
2389	0	1	0
2393	0	1	0
2400	0	2	0
2402	0	1	0
2405	0	2	0
2408	0	3	0
2417	0	1	0
2425	0	4	0
2438	0	2	0
2446	0	1	0
2450	0	2	0
2451	0	5	0
2464	0	3	0
2468	0	2	0
2470	0	2	0
2472	0	2	0
2476	0	4	0
2480	0	1	0
2487	0	1	0
2489	0	1	0
2492	0	3	0
2502	0	1	0
2714	0	1	0
2919	0	4	0
2972	0	1	0
2975	0	2	0
2982	0	1	0
2983	0	1	0
3000	0	1	0
3097	0	1	0
3161	0	1	0
3164	0	1	0
3179	0	1	0
3182	0	1	0
3212	0	2	0
3384	0	1	0
3559	0	1	0
3566	0	1	0
3598	0	2	0
3600	0	3	0
3661	0	1	0
3686	0	4	0
3708	0	1	0
3863	0	1	0
4027	0	1	0
4076	0	1	0
4082	0	1	0
4233	0	3	0
4234	0	1	0
4338	0	1	0
4405	0	1	0
4570	0	1	0
4785	0	4	0
4922	0	1	0
4996	0	1	0
5042	0	1	0
5154	0	4	0
5158	0	2	0
5303	0	1	0
5679	0	2	0
5792	0	2	0
5899	0	1	0
6115	0	3	0
6185	0	1	0
6337	0	2	0
6431	0	1	0
6578	0	1	0
6598	0	1	0
6930	0	1	0
7063	0	1	0
7191	0	1	0
7211	0	1	0
7454	0	1	0
7495	0	1	0
7599	0	2	0
7621	0	5	0
7752	0	1	0
7767	0	1	0
7835	0	3	0
7891	0	1	0
7990	0	1	0
8188	0	1	0
8399	0	1	0
8486	0	3	0
8746	0	2	0
8786	0	1	0
8819	0	1	0
8939	0	1	0
9222	0	2	0
9225	0	1	0
9256	0	1	0
9603	0	2	0
9749	0	1	0
9879	0	3	0
9984	0	1	0
10021	0	1	0
10043	0	2	0
10053	0	3	0
10069	0	4	0
10088	0	1	0
10185	0	1	0
10191	0	1	0
10516	0	5	0
10537	0	1	0
10589	0	2	0
10646	0	1	0
10648	0	2	0
10652	0	1	0
10655	0	1	0
10662	0	2	0
10688	0	1	0
10700	0	1	0
10745	0	1	0
10806	0	1	0
10899	0	1	0
11258	0	4	0
11274	0	1	0
13943	0	1	0
13947	0	1	0
14243	0	1	0
14254	0	1	0
14905	0	1	0
14907	0	1	0
15616	0	5	0
15622	0	1	0
15692	0	3	0
15695	0	2	0
15708	0	5	0
15710	0	1	0
15712	0	6	0
15715	0	8	0
15725	0	1	0
15748	0	5	0
15750	0	5	0
15767	0	6	0
15768	0	2	0
15773	0	8	0
15779	0	2	0
15781	0	7	0
15783	0	3	0
15785	0	5	0
15786	0	1	0
15787	0	5	0
15789	0	2	0
15791	0	7	0
15793	0	2	0
15795	0	6	0
15796	0	5	0
15801	0	4	0
15804	0	1	0
15806	0	9	0
15807	0	2	0
15809	0	6	0
15814	0	4	0
15815	0	1	0
15816	0	4	0
15820	0	2	0
15825	0	4	0
15826	0	10	0
15828	0	4	0
15829	0	1	0
15831	0	7	0
15832	0	3	0
15833	0	5	0
15835	0	1	0
15836	0	6	0
15838	0	15	0
15839	0	5	0
15840	0	4	0
15841	0	8	0
15842	0	8	0
15847	0	7	0
15848	0	6	0
15851	0	1	0
15855	0	1	0
15856	0	5	0
15860	0	7	0
15863	0	10	0
15866	0	1	0
15867	0	1	0
15870	0	7	0
15871	0	3	0
15873	0	5	0
15874	0	5	0
15875	0	2	0
15876	0	2	0
15877	0	3	0
15878	0	7	0
15879	0	1	0
15881	0	14	0
15882	0	5	0
15883	0	6	0
15884	0	2	0
15885	0	18	0
15886	0	13	0
15887	0	3	0
15888	0	2	0
15889	0	3	0
15890	0	7	0
15892	0	9	0
15893	0	9	0
15894	0	3	0
15895	0	4	0
15896	0	6	0
15897	0	6	0
15898	0	11	0
15899	0	5	0
15900	0	6	0
15901	0	4	0
15902	0	14	0
15903	0	5	0
15905	0	3	0
15906	0	10	0
15907	0	8	0
15908	0	2	0
15910	0	4	0
15911	0	5	0
15912	0	10	0
15913	0	7	0
15914	0	8	0
15915	0	3	0
15916	0	7	0
15917	0	7	0
15918	0	2	0
15919	0	7	0
15920	0	1	0
15922	0	3	0
15923	0	4	0
15924	0	6	0
15926	0	9	0
15928	0	9	0
15929	0	8	0
15930	0	9	0
15931	0	1	0
15932	0	3	0
15933	0	9	0
15934	0	20	0
15935	0	1	0
15936	0	4	0
15937	0	7	0
15938	0	7	0
15939	0	12	0
15940	0	11	0
15941	0	4	0
15942	0	7	0
15943	0	6	0
15944	0	3	0
15945	0	2	0
15946	0	10	0
15947	0	9	0
15948	0	7	0
15950	0	7	0
15951	0	2	0
15952	0	7	0
15953	0	6	0
15954	0	7	0
15955	0	6	0
15956	0	7	0
15957	0	8	0
15958	0	7	0
15959	0	2	0
15960	0	11	0
15961	0	12	0
15962	0	11	0
15963	0	4	0
15964	0	7	0
15965	0	5	0
15966	0	9	0
15967	0	5	0
15968	0	17	0
15969	0	2	0
15970	0	12	0
15971	0	20	0
15972	0	13	0
15973	0	10	0
15974	0	7	0
15975	0	20	0
15976	0	9	0
15977	0	9	0
15978	0	11	0
15979	0	9	0
15980	0	8	0
15981	0	13	0
15982	0	7	0
15983	0	17	0
15984	0	13	0
15985	0	9	0
15986	0	15	0
15987	0	5	0
15988	0	4	0
15989	0	19	0
15990	0	9	0
15991	0	6	0
15992	0	8	0
15993	0	15	0
15994	0	18	0
15995	0	13	0
15996	0	7	0
15997	0	5	0
15998	0	7	0
15999	0	5	0
16000	0	17	0
16001	0	13	0
16002	0	18	0
16003	0	13	0
16004	0	3	0
16005	0	10	0
16006	0	14	0
16007	0	11	0
16008	0	16	0
16009	0	6	0
16010	0	8	0
16011	0	19	0
16012	0	9	0
16013	0	22	0
16014	0	15	0
16015	0	20	0
16016	0	17	0
16017	0	8	0
16018	0	15	0
16019	0	15	0
16020	0	13	0
16021	0	13	0
16022	0	16	0
16023	0	12	0
16024	0	9	0
16025	0	11	0
16026	0	3	0
16027	0	5	0
16028	0	9	0
16029	0	11	0
16030	0	19	0
16031	0	11	0
16032	0	7	0
16033	0	9	0
16034	0	5	0
16035	0	7	0
16036	0	6	0
16037	0	11	0
16038	0	8	0
16039	0	25	0
16040	0	5	0
16041	0	13	0
16042	0	12	0
16043	0	8	0
16044	0	15	0
16045	0	25	0
16046	0	10	0
16047	0	16	0
16048	0	15	0
16049	0	9	0
16050	0	11	0
16051	0	23	0
16052	0	11	0
16053	0	7	0
16054	0	12	0
16055	0	9	0
16056	0	9	0
16057	0	4	0
16058	0	12	0
16059	0	3	0
16060	0	10	0
16061	0	14	0
16062	0	10	0
16063	0	10	0
16064	0	8	0
16065	0	9	0
16066	0	7	0
16067	0	12	0
16068	0	14	0
16069	0	10	0
16070	0	14	0
16071	0	16	0
16072	0	13	0
16073	0	14	0
16074	0	19	0
16075	0	16	0
16076	0	16	0
16077	0	17	0
16078	0	14	0
16079	0	7	0
16080	0	2	0
16081	0	22	0
16082	0	15	0
16083	0	11	0
16084	0	14	0
16085	0	12	0
16086	0	16	0
16087	0	17	0
16088	0	14	0
16089	0	10	0
16090	0	13	0
16091	0	18	0
16092	0	15	0
16093	0	8	0
16094	0	7	0
16095	0	10	0
16096	0	15	0
16097	0	13	0
16098	0	11	0
16099	0	6	0
16100	0	3	0
16101	0	7	0
16102	0	13	0
16103	0	10	0
16104	0	9	0
16105	0	7	0
16106	0	9	0
16107	0	8	0
16108	0	10	0
16109	0	8	0
16110	0	4	0
16111	0	8	0
16112	0	9	0
16113	0	11	0
16114	0	3	0
16115	0	10	0
16116	0	3	0
16117	0	3	0
16118	0	9	0
16119	0	10	0
16120	0	5	0
16121	0	2	0
16122	0	3	0
16123	0	3	0
16124	0	4	0
16125	0	2	0
16126	0	5	0
16129	0	2	0
16130	0	2	0
16131	0	3	0
16133	0	7	0
16134	0	1	0
16135	0	3	0
16136	0	3	0
16137	0	3	0
16139	0	2	0
16141	0	3	0
16142	0	3	0
16143	0	2	0
16147	0	2	0
16148	0	1	0
17177	0	1	0
17610	0	1	0
17823	0	1	0
18060	0	1	0
18265	0	4	0
18367	0	4	0
19128	0	3	0
19174	0	1	0
19280	0	2	0
19281	0	1	0
19312	0	1	0
19394	0	1	0
19493	0	3	0
19555	0	4	0
19566	0	1	0
19572	0	3	0
19948	0	3	0
20998	0	2	0
23045	0	1	0
24223	0	2	0
27378	0	4	0
27394	0	1	0
27432	0	1	0
29158	0	2	0
29245	0	1	0
29263	0	1	0
29279	0	1	0
29286	0	3	0
29293	0	1	0
29316	0	2	0
29327	0	1	0
31766	0	1	0
31875	0	2	0
31914	0	1	0
33198	0	2	0
33206	0	1	0
33210	0	1	0
33753	0	1	0
34233	0	1	0
34254	0	1	0
35569	0	1	0
35816	0	2	0
36733	0	4	0
37330	0	1	0
37349	0	1	0
37399	0	1	0
38556	0	1	0
38565	0	2	0
38571	0	1	0
38577	0	1	0
38598	0	1	0
40162	0	1	0
43123	0	1	0
48730	0	2	0
48881	0	1	0
49113	0	1	0
49227	0	1	0
49350	0	1	0
53568	0	1	0
54455	0	4	0
54527	0	1	0
54597	0	2	0
54643	0	1	0
54666	0	1	0
58124	0	1	0
60532	0	2	0
61595	0	3	0
62015	0	1	0
62845	0	1	0
63480	0	1	0
63492	0	1	0
63520	0	1	0
64450	0	1	0
64936	0	1	0
67578	0	5	0
71721	0	1	0
71820	0	1	0
73840	0	1	0
75274	0	1	0
78758	0	1	0
79296	0	1	0
79766	0	1	0
81284	0	1	0
82292	0	1	0
83724	0	1	0
86808	0	1	0
87135	0	1	0
89327	0	1	0
90591	0	1	0
90702	0	1	0
92570	0	1	0
96804	0	0	1
98936	0	2	0
103657	0	1	0
106846	0	2	0
107662	0	1	0
109299	0	1	0
110301	0	3	0
110337	0	1	0
110531	0	1	0
111388	0	4	0
111393	0	2	0
111462	0	2	0
111469	0	1	0
111477	0	1	0
111493	0	1	0
111510	0	2	0
111530	0	1	0
111533	0	1	0
111552	0	1	0
111578	0	1	0
111584	0	1	0
111588	0	1	0
111640	0	5	0
111656	0	1	0
111658	0	1	0
111724	0	1	0
111732	0	1	0
111898	0	1	0
112836	0	1	0
113362	0	1	0
113443	0	2	0
113449	0	1	0
113455	0	1	0
113464	0	4	0
113466	0	1	0
113483	0	2	0
113485	0	1	0
113487	0	1	0
113490	0	2	0
113514	0	2	0
113518	0	3	0
113523	0	1	0
113542	0	1	0
113552	0	1	0
113580	0	1	0
113583	0	2	0
113587	0	2	0
113595	0	2	0
113605	0	1	0
113626	0	1	0
113639	0	1	0
113646	0	1	0
113657	0	1	0
113674	0	1	0
113675	0	1	0
113681	0	1	0
113695	0	1	0
113705	0	1	0
113731	0	2	0
115453	0	1	0
121672	0	1	0
123349	0	1	0
125249	0	3	0
125256	0	2	0
127047	0	1	0
131965	0	1	0
134257	0	3	0
136839	0	1	0
137477	0	3	0
138556	0	1	0
138967	0	1	0
139493	0	1	0
140907	0	1	0
143250	0	1	0
143501	0	3	0
143654	0	1	0
144303	0	1	0
147750	0	2	0
151770	0	2	0
152319	0	2	0
152505	0	1	0
157694	0	1	0
162001	0	3	0
167331	0	2	0
169953	0	1	0
171107	0	1	0
175555	0	1	0
181975	0	1	0
182569	0	1	0
187922	0	2	0
187934	0	1	0
187983	0	3	0
188012	0	3	0
188021	0	1	0
188024	0	2	0
188046	0	1	0
188081	0	2	0
188102	0	1	0
188122	0	1	0
189720	0	1	0
191830	0	1	0
196974	0	3	0
196994	0	1	0
199149	0	1	0
204374	0	1	0
207232	0	1	0
212131	0	1	0
212706	0	3	0
212919	0	1	0
216125	0	1	0
225260	0	1	0
226756	0	1	0
229822	0	1	0
237882	0	1	0
240066	0	6	0
246183	0	1	0
254843	0	1	0
255699	0	1	0
256047	0	1	0
257988	0	1	0
257992	0	1	0
258755	0	1	0
270311	0	1	0
272473	0	1	0
272710	0	1	0
288571	0	1	0
289119	0	1	0
299158	0	1	0
303017	0	1	0
308378	0	3	0
310780	0	1	0
310791	0	2	0
310826	0	1	0
323532	0	1	0
323534	0	1	0
323536	0	3	0
329634	0	1	0
336975	0	1	0
336978	0	1	0
341740	0	1	0
342101	0	1	0
346555	0	2	0
360117	0	1	0
361853	0	1	0
362193	0	2	0
363783	0	2	0
380981	0	2	0
383596	0	1	0
392240	0	2	0
392279	0	7	0
392352	0	2	0
392795	0	1	0
394868	0	1	0
395751	0	1	0
396099	0	1	0
399070	0	3	0
409802	0	1	0
410735	0	3	0
418916	0	1	0
422015	0	1	0
422210	0	1	0
427070	0	1	0
428284	0	1	0
440965	0	3	0
458504	0	1	0
459810	0	3	0
459922	0	1	0
459949	0	2	0
460014	0	1	0
460099	0	1	0
460149	0	1	0
460679	0	1	0
477630	0	1	0
483371	0	1	0
483427	0	1	0
485444	0	1	0
487593	0	2	0
491141	0	1	0
506070	0	2	0
514571	0	1	0
514820	0	1	0
516908	0	1	0
517017	0	1	0
517222	0	1	0
521612	0	1	0
521717	0	1	0
523084	0	3	0
524103	0	1	0
530399	0	1	0
535394	0	0	1
536653	0	3	0
547185	0	4	0
547895	0	1	0
558481	0	1	0
572951	0	1	0
573570	0	1	0
585578	0	1	0
586648	0	2	0
590306	0	1	0
595402	0	1	0
615686	0	4	0
620596	0	1	0
627331	0	1	0
629247	0	1	0
632044	0	1	0
636643	0	1	0
642312	0	1	0
651993	0	1	0
667663	0	1	0
683214	0	1	0
683360	0	1	0
696098	0	2	0
697848	0	1	0
700392	0	1	0
702785	0	1	0
708853	0	1	0
709520	0	3	0
712113	0	1	0
717130	0	1	0
718113	0	1	0
722727	0	1	0
730643	0	1	0
734499	0	1	0
739825	0	1	0
747174	0	1	0
762069	0	1	0
764209	0	2	0
765109	0	1	0
765519	0	1	0
777412	0	1	0
778185	0	1	0
790965	0	2	0
795520	0	1	0
808773	0	1	0
821934	0	1	0
824640	0	1	0
836643	0	1	0
836655	0	1	0
837967	0	1	0
839591	0	2	0
847630	0	1	0
862141	0	1	0
875274	0	1	0
877822	0	1	0
879087	0	1	0
885062	0	1	0
885150	0	1	0
893478	0	2	0
899675	0	1	0
902044	0	1	0
903154	0	1	0
908072	0	2	0
908097	0	1	0
908102	0	1	0
908170	0	1	0
908244	0	2	0
908257	0	2	0
914903	0	2	0
914908	0	2	0
919277	0	2	0
922819	0	1	0
922872	0	1	0
935799	0	1	0
949273	0	1	0
952268	0	2	0
954263	0	1	0
955140	0	2	0
962056	0	3	0
982102	0	1	0
990813	0	1	0
990831	0	1	0
994330	0	1	0
1004019	0	1	0
1013657	0	1	0
1043909	0	1	0
1043985	0	1	0
1051532	0	4	0
1055042	0	1	0
1065294	0	1	0
1066677	0	5	0
1072154	0	1	0
1073316	0	1	0
1078990	0	1	0
1091011	0	1	0
1098075	0	1	0
1106751	0	1	0
1110383	0	1	0
1113053	0	2	0
1130910	0	4	0
1146303	0	5	0
1151762	0	1	0
1158481	0	1	0
1175948	0	1	0
1179219	0	1	0
1180178	0	3	0
1188561	0	3	0
1194085	0	1	0
1195752	0	1	0
1200479	0	1	0
1203969	0	1	0
1204748	0	2	0
1206832	0	0	1
1215266	0	1	0
1224263	0	1	0
1236456	0	1	0
1242156	0	2	0
1266724	0	1	0
1267583	0	3	0
1271344	0	1	0
1327390	0	2	0
1344702	0	1	0
1352030	0	0	1
1360154	0	1	0
1363644	0	1	0
1365484	0	2	0
1371445	0	1	0
1382731	0	1	0
1388655	0	1	0
1388978	0	1	0
1411623	0	1	0
1412211	0	2	0
1448011	0	1	0
1448015	0	2	0
1448028	0	1	0
1452414	0	1	0
1457250	0	1	0
1459400	0	1	0
1459848	0	1	0
1465296	0	1	0
1471973	0	5	0
1493548	0	1	0
1497715	0	1	0
1521688	0	1	0
1536658	0	1	0
1542804	0	3	0
1565333	0	1	0
1565934	0	2	0
1565959	0	1	0
1575275	0	2	0
1590711	0	2	0
1605612	0	1	0
1608283	0	1	0
1613906	0	1	0
1614329	0	1	0
1614459	0	1	0
1622686	0	1	0
1625463	0	1	0
1638261	0	1	0
1665951	0	1	0
1669064	0	1	0
1708869	0	1	0
1714355	0	1	0
1720898	0	1	0
1723347	0	1	0
1724538	0	1	0
1727313	0	1	0
1752404	0	2	0
1755345	0	1	0
1755358	0	1	0
1757108	0	1	0
1763421	0	1	0
1769335	0	1	0
1771509	0	1	0
1793104	0	1	0
1794515	0	1	0
1796083	0	1	0
1801965	0	1	0
1813754	0	1	0
1817078	0	1	0
1835639	0	2	0
1836375	0	3	0
1849578	0	1	0
1860101	0	3	0
1863118	0	2	0
1869069	0	1	0
1876838	0	1	0
1887672	0	1	0
1887739	0	2	0
1901861	0	1	0
1915131	0	3	0
1934006	0	3	0
1939353	0	1	0
1939377	0	5	0
1943064	0	1	0
1947113	0	1	0
1950135	0	1	0
1960616	0	1	0
1960697	0	1	0
1960722	0	3	0
1960778	0	1	0
1986628	0	1	0
1996240	0	1	0
1998321	0	1	0
2006303	0	5	0
2014145	0	1	0
2016278	0	1	0
2023153	0	2	0
2023765	0	2	0
2034012	0	1	0
2043646	0	1	0
2044838	0	2	0
2044915	0	3	0
2044938	0	1	0
2044961	0	4	0
2044964	0	1	0
2044974	0	1	0
2044975	0	1	0
2044976	0	3	0
2044985	0	2	0
2044986	0	1	0
2045032	0	2	0
2045034	0	1	0
2050465	0	1	0
2050624	0	1	0
2059460	0	1	0
2059484	0	3	0
2059486	0	5	0
2059495	0	4	0
2059519	0	4	0
2059530	0	1	0
2059531	0	3	0
2059547	0	2	0
2059549	0	2	0
2062286	0	2	0
2100926	0	1	0
2110650	0	1	0
2130250	0	1	0
2136466	0	1	0
2140792	0	2	0
2145476	0	1	0
2148508	0	1	0
2153246	0	1	0
2173918	0	1	0
2175342	0	1	0
2179946	0	1	0
2182217	0	3	0
2186888	0	1	0
2213178	0	2	0
2217925	0	2	0
2220804	0	1	0
2221685	0	2	0
2225184	0	2	0
2233825	0	3	0
2239901	0	2	0
2253148	0	1	0
2256523	0	1	0
2267307	0	1	0
2274503	0	2	0
2284439	0	1	0
2287805	0	1	0
2289726	0	1	0
2307573	0	2	0
2312386	0	2	0
2315106	0	1	0
2317784	0	1	0
2321829	0	1	0
2411882	0	1	0
2415566	0	3	0
2419264	0	4	0
2428611	0	1	0
2440048	0	1	0
2453836	0	1	0
2474793	0	1	0
2479402	0	1	0
2482024	0	6	0
2498484	0	1	0
2499337	0	1	0
2503484	0	1	0
2516885	0	1	0
2521818	0	3	0
2525597	0	1	0
2533379	0	1	0
2545862	0	4	0
2559140	0	1	0
2570593	0	1	0
2601422	0	2	0
2605177	0	1	0
2615241	0	1	0
2621963	0	1	0
2622957	0	1	0
2631017	0	1	0
2640584	0	1	0
2645796	0	1	0
2667400	0	1	0
2671726	0	1	0
2673467	0	1	0
2673543	0	1	0
2676931	0	1	0
2677935	0	1	0
2701989	0	1	0
2710408	0	2	0
2718342	0	2	0
2728905	0	1	0
2743973	0	2	0
2748478	0	2	0
2749688	0	1	0
2752880	0	1	0
2754830	0	1	0
2755655	0	1	0
2757507	0	3	0
2772859	0	2	0
2808198	0	0	1
2808264	0	2	0
2821397	0	1	0
2825953	0	1	0
2826166	0	1	0
2830289	0	1	0
2837432	0	1	0
2847520	0	1	0
2848571	0	1	0
2849673	0	1	0
2850276	0	1	0
2868178	0	3	0
2872937	0	4	0
2888933	0	2	0
2901952	0	1	0
2903048	0	1	0
2911164	0	2	0
2912674	0	1	0
2950665	0	1	0
2954771	0	2	0
2964060	0	1	0
3007456	0	1	0
3017652	0	1	0
3026688	0	1	0
3035935	0	2	0
3054271	0	1	0
3067934	0	1	0
3073268	0	1	0
3081056	0	1	0
3081112	0	1	0
3081166	0	1	0
3108292	0	6	0
3126474	0	5	0
3127043	0	2	0
3127188	0	1	0
3137246	0	1	0
3140102	0	1	0
3175774	0	1	0
3183766	0	1	0
3212204	0	2	0
3236854	0	1	0
3250095	0	1	0
3261521	0	1	0
3272625	0	1	0
3273273	0	1	0
3275449	0	1	0
3281754	0	2	0
3310397	0	1	0
3330659	0	6	0
3340501	0	1	0
3350687	0	1	0
3350720	0	2	0
3355501	0	1	0
3369285	0	1	0
3377862	0	2	0
3389038	0	1	0
3392077	0	1	0
3399484	0	1	0
3415736	0	1	0
3424726	0	2	0
3468389	0	1	0
3484224	0	1	0
3487406	0	1	0
3492954	0	1	0
3494358	0	6	0
3495461	0	1	0
3497136	0	1	0
3554571	0	1	0
3556612	0	1	0
3567407	0	1	0
3573683	0	1	0
3575282	0	10	0
3579358	0	2	0
3584873	0	1	0
3595772	0	1	0
3599888	0	1	0
3600270	0	1	0
3601557	0	3	0
3603983	0	1	0
3611441	0	3	0
3623438	0	1	0
3651248	0	1	0
3658067	0	1	0
3662551	0	1	0
3667498	0	1	0
3667749	0	1	0
3668413	0	1	0
3668631	0	1	0
3685163	0	1	0
3694229	0	1	0
3708253	0	1	0
3711391	0	1	0
3717989	0	2	0
3728409	0	2	0
3735000	0	6	0
3751768	0	1	0
3818342	0	1	0
3828307	0	1	0
3840787	0	1	0
3861674	0	1	0
3868296	0	1	0
3872045	0	1	0
3875952	0	2	0
3894526	0	1	0
3909479	0	1	0
3912114	0	1	0
3923226	0	2	0
3935606	0	1	0
3936450	0	2	0
3936573	0	1	0
3945099	0	1	0
3945436	0	1	0
3946907	0	1	0
3950654	0	1	0
3956148	0	3	0
3956152	0	1	0
3962819	0	1	0
3964732	0	1	0
3978894	0	1	0
3990859	0	1	0
4015492	0	1	0
4024964	0	1	0
4039057	0	2	0
4057936	0	1	0
4062269	0	1	0
4064944	0	5	0
4073534	0	1	0
4074315	0	1	0
4076875	0	1	0
4082319	0	3	0
4097332	0	1	0
4100341	0	0	1
4101987	0	2	0
4119201	0	3	0
4133416	0	2	0
4155296	0	3	0
4165189	0	1	0
4172299	0	3	0
4174097	0	1	0
4195705	0	1	0
4206126	0	1	0
4278151	0	1	0
4299100	0	1	0
4314045	0	1	0
4314784	0	1	0
4319099	0	1	0
4323174	0	1	0
4327975	0	1	0
4336882	0	1	0
4346239	0	1	0
4347967	0	1	0
4348151	0	1	0
4376276	0	1	0
4384236	0	1	0
4396152	0	1	0
4397694	0	1	0
4429757	0	2	0
4442627	0	0	1
4460712	0	1	0
4480275	0	1	0
4484059	0	1	0
4488219	0	1	0
4507102	0	1	0
4514838	0	4	0
4516679	0	1	0
4521235	0	2	0
4558284	0	1	0
4581393	0	3	0
4607747	0	1	0
4627508	0	1	0
4638920	0	1	0
4649830	0	1	0
4655900	0	1	0
4676627	0	1	0
4683727	0	1	0
4694930	0	1	0
4711134	0	1	0
4712051	0	1	0
4718948	0	1	0
4758532	0	1	0
4763095	0	1	0
4772348	0	1	0
4777990	0	1	0
4823208	0	5	0
4842457	0	1	0
4854395	0	1	0
4855896	0	2	0
4870487	0	1	0
4901628	0	1	0
4910443	0	1	0
4921028	0	1	0
4949412	0	1	0
4951906	0	1	0
4969582	0	1	0
4977379	0	1	0
4980535	0	2	0
4986677	0	1	0
5021293	0	1	0
5030959	0	1	0
5050169	0	3	0
5061130	0	1	0
5095171	0	1	0
5116547	0	1	0
5128020	0	1	0
5129549	0	2	0
5138436	0	1	0
5138963	0	2	0
5143054	0	2	0
5145296	0	1	0
5145960	0	2	0
5153255	0	1	0
5159033	0	1	0
5187486	0	1	0
5188344	0	2	0
5225807	0	1	0
5233294	0	1	0
5250633	0	1	0
5255838	0	1	0
5279398	0	2	0
5284794	0	1	0
5298425	0	1	0
5302087	0	1	0
5311253	0	1	0
5313953	0	1	0
5335697	0	2	0
5398806	0	1	0
5416361	0	1	0
5417754	0	1	0
5423600	0	1	0
5423611	0	3	0
5441808	0	1	0
5444376	0	1	0
5457878	0	2	0
5459360	0	1	0
5460773	0	1	0
5471015	0	3	0
5493786	0	1	0
5522799	0	1	0
5534123	0	1	0
5538167	0	1	0
5538540	0	1	0
5548459	0	1	0
5563223	0	1	0
5573464	0	1	0
5574540	0	1	0
5590129	0	1	0
5604404	0	1	0
5606275	0	1	0
5607356	0	1	0
5610599	0	1	0
5623347	0	1	0
5624369	0	1	0
5642353	0	2	0
5648901	0	0	1
5684744	0	1	0
5685249	0	1	0
5694194	0	1	0
5711544	0	1	0
5714343	0	1	0
5719108	0	1	0
5723477	0	1	0
5726790	0	1	0
5743596	0	1	0
5758030	0	1	0
5769597	0	1	0
5774390	0	1	0
5782078	0	2	0
5782966	0	1	0
5801938	0	2	0
5803590	0	1	0
5856925	0	1	0
5884916	0	1	0
5885860	0	2	0
5887424	0	1	0
5908245	0	1	0
5918539	0	1	0
5926219	0	1	0
5935093	0	1	0
5947347	0	1	0
5948986	0	1	0
5957852	0	1	0
5962600	0	0	1
5982569	0	1	0
5984623	0	0	1
6001257	0	1	0
6005376	0	1	0
6007925	0	0	1
6016533	0	3	0
6037853	0	1	0
6042830	0	1	0
6044780	0	1	0
6046583	0	1	0
6078088	0	1	0
6084988	0	1	0
6087427	0	1	0
6090733	0	1	0
6092834	0	1	0
6103072	0	1	0
6115878	0	1	0
6137121	0	3	0
6138926	0	1	0
6148539	0	1	0
6148742	0	1	0
6150499	0	1	0
6159422	0	1	0
6170819	0	2	0
6186828	0	1	0
6207348	0	1	0
6222548	0	1	0
6229739	0	1	0
6263053	0	1	0
6267306	0	1	0
6272056	0	1	0
6276836	0	1	0
6411911	0	1	0
6416501	0	1	0
6428275	0	0	1
6429768	0	8	0
6432696	0	1	0
6445629	0	2	0
6452106	0	1	0
6471911	0	1	0
6482201	0	1	0
6488962	0	1	0
6490321	0	1	0
6515250	0	1	0
6519580	0	1	0
6520586	0	2	0
6520649	0	2	0
6533932	0	1	0
6545043	0	1	0
6551199	0	1	0
6560536	0	1	0
6575803	0	3	0
6581602	0	1	0
6586205	0	1	0
6588824	0	1	0
6603315	0	2	0
6613299	0	1	0
6616178	0	1	0
6624384	0	1	0
6644816	0	1	0
6647738	0	1	0
6648122	0	1	0
6653699	0	1	0
6656841	0	1	0
6664749	0	1	0
6668082	0	1	0
6694608	0	1	0
6700667	0	1	0
6709472	0	1	0
6720753	0	4	0
6731156	0	3	0
6742742	0	1	0
6749031	0	1	0
6762643	0	1	0
6767957	0	1	0
6775979	0	1	0
6783162	0	1	0
6790335	0	1	0
6796910	0	1	0
6804466	0	1	0
6811246	0	1	0
6818876	0	2	0
6846239	0	1	0
6851614	0	4	0
6871126	0	2	0
6895534	0	1	0
6896791	0	1	0
6904222	0	1	0
6907397	0	1	0
6915162	0	4	0
6917018	0	3	0
6929327	0	1	0
6974864	0	1	0
6990737	0	2	0
7012919	0	1	0
7018595	0	2	0
7032895	0	1	0
7036851	0	1	0
7037746	0	1	0
7042935	0	3	0
7043813	0	3	0
7048197	0	1	0
7070902	0	6	0
7073073	0	2	0
7132047	0	3	0
7173088	0	1	0
7174584	0	1	0
7185832	0	1	0
7192043	0	1	0
7195888	0	1	0
7201611	0	1	0
7204744	0	1	0
7204777	0	2	0
7221730	0	1	0
7224317	0	1	0
7229873	0	1	0
7244110	0	2	0
7264495	0	1	0
7274089	0	1	0
7290720	0	0	1
7307784	0	1	0
7311174	0	1	0
7329047	0	4	0
7331720	0	1	0
7340797	0	1	0
7365881	0	1	0
7392794	0	1	0
7397538	0	1	0
7401937	0	1	0
7405725	0	3	0
7407425	0	1	0
7415908	0	1	0
7429270	0	1	0
7433360	0	1	0
7444830	0	1	0
7449073	0	4	0
7456689	0	1	0
7491704	0	1	0
7494361	0	1	0
7496727	0	1	0
7498065	0	1	0
7503634	0	2	0
7507441	0	3	0
7526575	0	1	0
7542499	0	1	0
7546597	0	1	0
7547073	0	1	0
7548071	0	2	0
7604270	0	1	0
7648524	0	1	0
7688494	0	1	0
7701581	0	5	0
7702884	0	1	0
7704053	0	5	0
7704966	0	1	0
7712771	0	2	0
7717184	0	2	0
7720006	0	1	0
7763309	0	2	0
7766123	0	1	0
7773618	0	2	0
7780250	0	1	0
7803979	0	1	0
7819412	0	2	0
7822216	0	1	0
7824741	0	1	0
7827342	0	1	0
7836737	0	1	0
7839500	0	1	0
7850659	0	1	0
7866212	0	2	0
7874743	0	1	0
7886448	0	1	0
7899520	0	1	0
7908588	0	1	0
7909414	0	1	0
7911583	0	1	0
7918123	0	1	0
7925874	0	1	0
7931284	0	4	0
7935991	0	2	0
8004527	0	1	0
8014311	0	2	0
8025302	0	1	0
8087913	0	2	0
8088745	0	1	0
8096949	0	1	0
8106647	0	1	0
8107146	0	1	0
8108357	0	1	0
8110474	0	1	0
8110845	0	1	0
8114165	0	1	0
8124105	0	1	0
8141710	0	1	0
8172897	0	1	0
8186556	0	1	0
8212629	0	3	0
8232452	0	1	0
8236823	0	1	0
8236824	0	1	0
8237346	0	2	0
8242064	0	2	0
8243116	0	1	0
8254194	0	1	0
8254270	0	1	0
8280415	0	2	0
8287717	0	2	0
8308533	0	1	0
8326789	0	1	0
8347221	0	1	0
8353498	0	1	0
8354177	0	1	0
8368783	0	1	0
8376177	0	1	0
8384134	0	3	0
8386176	0	1	0
8388963	0	1	0
8389985	0	1	0
8391784	0	1	0
8410575	0	1	0
8417400	0	1	0
8418136	0	2	0
8476315	0	1	0
8484558	0	1	0
8486336	0	2	0
8486599	0	1	0
8489954	0	3	0
8503039	0	1	0
8510827	0	1	0
8513110	0	1	0
8526819	0	1	0
8531138	0	1	0
8542146	0	5	0
8559677	0	2	0
8560888	0	0	1
8583090	0	1	0
8585736	0	1	0
8589697	0	1	0
8597949	0	1	0
8605970	0	2	0
8615791	0	1	0
8627200	0	1	0
8636213	0	1	0
8645004	0	3	0
8646678	0	2	0
8649442	0	1	0
8653818	0	1	0
8667005	0	1	0
8667112	0	1	0
8669510	0	1	0
8690493	0	1	0
8705794	0	2	0
8715868	0	1	0
8723243	0	1	0
8727607	0	1	0
8735098	0	1	0
8735358	0	2	0
8751923	0	2	0
8776516	0	1	0
8780883	0	1	0
8790508	0	1	0
8793159	0	1	0
8800773	0	1	0
8805308	0	2	0
8807070	0	1	0
8814000	0	1	0
8831626	0	2	0
8840842	0	1	0
8841727	0	1	0
8866578	0	1	0
8882358	0	1	0
8916104	0	1	0
8944069	0	3	0
9001021	0	2	0
9015206	0	3	0
9038024	0	1	0
9050191	0	1	0
9062665	0	1	0
9065065	0	1	0
9067736	0	1	0
9067737	0	1	0
9072161	0	1	0
9081725	0	1	0
9083720	0	1	0
9106302	0	1	0
9117107	0	1	0
9142360	0	1	0
9149317	0	1	0
9200223	0	3	0
9286627	0	1	0
9290202	0	1	0
9292429	0	5	0
9303027	0	1	0
9332988	0	2	0
9347777	0	2	0
9392934	0	0	1
9424442	0	5	0
9430883	0	1	0
9455658	0	1	0
9461018	0	1	0
9513674	0	1	0
9513968	0	1	0
9537320	0	2	0
9558648	0	3	0
9589888	0	1	0
9592826	0	3	0
9594078	0	1	0
9600446	0	1	0
9604887	0	1	0
9631642	0	1	0
9668589	0	1	0
9674756	0	1	0
9691518	0	1	0
9703985	0	1	0
9704863	0	1	0
9729037	0	0	1
9729097	0	1	0
9747612	0	1	0
9749250	0	1	0
9750981	0	1	0
9766726	0	1	0
9769265	0	1	0
9792763	0	1	0
9796813	0	1	0
9798002	0	1	0
9808188	0	1	0
9827920	0	1	0
9833471	0	1	0
9833611	0	1	0
9836178	0	1	0
9851245	0	2	0
9853186	0	1	0
9865247	0	4	0
9872904	0	2	0
9888476	0	1	0
9895392	0	1	0
9895806	0	2	0
9907395	0	1	0
9912897	0	1	0
9932397	0	0	1
9961440	0	1	0
9979710	0	1	0
9988445	0	1	0
9999373	0	1	0
10047995	0	1	0
10079422	0	1	0
10080743	0	1	0
10086698	0	1	0
10098744	0	1	0
10112402	0	1	0
10132028	0	2	0
10133738	0	3	0
10181898	0	2	0
10185722	0	1	0
10193633	0	3	0
10198416	0	1	0
10199224	0	1	0
10204885	0	1	0
10218553	0	2	0
10237660	0	1	0
10298568	0	1	0
10313211	0	1	0
10321758	0	1	0
10346140	0	1	0
10360488	0	1	0
10366390	0	1	0
10378326	0	1	0
10405353	0	1	0
10435137	0	1	0
10438048	0	2	0
10460509	0	2	0
10461426	0	1	0
10474389	0	1	0
10474626	0	1	0
10489604	0	1	0
10496364	0	2	0
10537150	0	4	0
10538298	0	3	0
10558452	0	3	0
10558835	0	1	0
10577314	0	3	0
10612837	0	1	0
10613162	0	3	0
10641523	0	2	0
10674265	0	2	0
10705992	0	1	0
10715029	0	1	0
10727683	0	2	0
10771405	0	1	0
10786086	0	1	0
10791745	0	1	0
10809007	0	0	1
10811484	0	1	0
10827168	0	1	0
10842791	0	1	0
10848707	0	1	0
10860334	0	1	0
10864161	0	1	0
10868689	0	1	0
10912370	0	3	0
10916190	0	2	0
10923661	0	1	0
10947699	0	3	0
10953414	0	1	0
10968752	0	2	0
10978435	0	0	1
10994072	0	1	0
11011941	0	1	0
11025048	0	1	0
11054171	0	1	0
11055219	0	3	0
11057535	0	1	0
11071918	0	1	0
11079917	0	1	0
11082127	0	1	0
11086415	0	3	0
11086429	0	2	0
11098508	0	1	0
11114943	0	1	0
11153347	0	3	0
11185539	0	1	0
11188401	0	1	0
11192385	0	1	0
11238894	0	3	0
11251451	0	1	0
11251641	0	1	0
11253306	0	4	0
11268152	0	1	0
11280480	0	1	0
11282881	0	1	0
11334603	0	3	0
11349120	0	1	0
11353399	0	1	0
11356821	0	1	0
11367372	0	1	0
11390408	0	2	0
11407812	0	1	0
11423006	0	1	0
11427926	0	3	0
11455081	0	1	0
11457893	0	1	0
11484064	0	1	0
11499386	0	1	0
11513889	0	1	0
11522913	0	1	0
11530261	0	1	0
11549637	0	2	0
11561452	0	3	0
11568073	0	1	0
11597256	0	1	0
11618619	0	1	0
11661703	0	1	0
11661896	0	1	0
11679997	0	1	0
11696390	0	2	0
11713141	0	1	0
11720614	0	2	0
11727769	0	1	0
11733472	0	1	0
11735193	0	1	0
11783349	0	3	0
11786793	0	0	1
11797843	0	1	0
11823533	0	2	0
11851058	0	1	0
11870894	0	2	0
11871660	0	1	0
11887296	0	1	0
11910600	0	1	0
11916657	0	1	0
11921400	0	1	0
11961004	0	4	0
11962625	0	2	0
11967319	0	1	0
11973189	0	1	0
12011023	0	1	0
12035653	0	1	0
12046979	0	2	0
12076605	0	2	0
12094802	0	1	0
12118509	0	2	0
12130329	0	1	0
12136998	0	1	0
12152509	0	1	0
12178543	0	1	0
12196242	0	1	0
12248276	0	1	0
12294414	0	1	0
12296529	0	1	0
12314213	0	1	0
12328701	0	1	0
12365607	0	1	0
12375469	0	1	0
12407834	0	1	0
12446219	0	4	0
12475396	0	3	0
12494317	0	3	0
12536774	0	1	0
12563698	0	3	0
12573350	0	2	0
12581043	0	1	0
12583618	0	1	0
12589133	0	1	0
12600222	0	1	0
12604944	0	5	0
12605116	0	1	0
12631447	0	1	0
12635695	0	10	0
12636262	0	2	0
12641183	0	2	0
12644620	0	2	0
12664416	0	1	0
12664825	0	2	0
12674553	0	3	0
12689204	0	2	0
12703083	0	1	0
12703188	0	1	0
12714877	0	1	0
12723112	0	1	0
12724189	0	3	0
12748708	0	2	0
12770013	0	5	0
12797558	0	1	0
12806896	0	4	0
12854794	0	1	0
12862968	0	2	0
12869080	0	1	0
12894221	0	1	0
12913147	0	1	0
12919241	0	3	0
12948272	0	4	0
12968817	0	1	0
12969829	0	2	0
12975592	0	2	0
12982757	0	1	0
13006439	0	2	0
13020858	0	1	0
13068731	0	4	0
13077818	0	1	0
13086974	0	2	0
13105570	0	1	0
13108714	0	2	0
13117275	0	7	0
13132025	0	2	0
13161417	0	1	0
13198916	0	1	0
13219912	0	1	0
13233001	0	1	0
13261492	0	0	1
13270378	0	1	0
13291743	0	1	0
13334203	0	1	0
13352722	0	1	0
13391475	0	1	0
13413436	0	1	0
13429394	0	1	0
13462776	0	1	0
13500736	0	1	0
13503083	0	1	0
13504516	0	1	0
13518255	0	3	0
13550824	0	2	0
13596767	0	1	0
13597046	0	1	0
13608734	0	1	0
13620594	0	1	0
13640478	0	1	0
13649441	0	1	0
13676014	0	2	0
13710485	0	2	0
13721618	0	1	0
13729333	0	1	0
13749484	0	1	0
13767442	0	4	0
13768372	0	3	0
13800550	0	1	0
13826084	0	5	0
13828689	0	1	0
13832254	0	1	0
13838947	0	2	0
13853924	0	2	0
13874995	0	1	0
13919128	0	1	0
13928211	0	1	0
13938330	0	1	0
13939041	0	1	0
13953974	0	2	0
13964476	0	3	0
13964778	0	1	0
13980321	0	1	0
13996395	0	1	0
14016715	0	1	0
14017831	0	1	0
14023745	0	0	1
14041426	0	1	0
14076589	0	1	0
14090678	0	1	0
14098330	0	1	0
14107455	0	3	0
14147415	0	1	0
14148930	0	3	0
14152842	0	1	0
14154092	0	1	0
14206922	0	5	0
14215219	0	1	0
14233023	0	0	1
14236859	0	1	0
14237499	0	1	0
14253184	0	1	0
14258962	0	1	0
14288242	0	1	0
14291244	0	2	0
14301136	0	1	0
14313789	0	1	0
14321538	0	1	0
14325613	0	1	0
14332823	0	1	0
14334553	0	6	0
14335858	0	1	0
14378015	0	1	0
14378535	0	2	0
14428664	0	2	0
14438691	0	2	0
14452789	0	1	0
14477244	0	1	0
14487067	0	1	0
14488695	0	1	0
14497517	0	1	0
14513819	0	1	0
14527123	0	1	0
14529695	0	1	0
14532726	0	1	0
14588206	0	1	0
14592253	0	1	0
14593584	0	1	0
14595430	0	2	0
14606169	0	1	0
14636053	0	1	0
14639309	0	1	0
14643449	0	2	0
14654438	0	1	0
14665663	0	1	0
14666212	0	2	0
14671087	0	1	0
14690826	0	1	0
14708628	0	2	0
14731556	0	1	0
14733106	0	1	0
14740980	0	1	0
14752303	0	0	1
14763373	0	1	0
14771907	0	3	0
14818221	0	0	1
14818234	0	0	1
14836117	0	0	1
14840630	0	6	0
14844366	0	1	0
14859108	0	1	0
14885109	0	1	0
14896529	0	1	0
14899928	0	1	0
14905969	0	3	0
14917219	0	2	0
14918249	0	4	0
14918549	0	5	0
14925709	0	2	0
14953018	0	1	0
14960650	0	1	0
14977141	0	3	0
14984121	0	2	0
14991139	0	1	0
14994034	0	8	0
14994489	0	5	0
15005880	0	1	0
15050213	0	2	0
15053940	0	1	0
15062510	0	3	0
15091068	0	2	0
15096716	0	1	0
15162204	0	1	0
15163103	0	1	0
15214849	0	1	0
15224683	0	2	0
15230416	0	1	0
15255157	0	1	0
15256613	0	1	0
15276916	0	1	0
15291538	0	2	0
15309296	0	2	0
15316430	0	1	0
15343918	0	3	0
15353103	0	1	0
15395928	0	0	1
15432667	0	3	0
15448977	0	1	0
15458479	0	1	0
15508227	0	1	0
15528828	0	2	0
15551869	0	1	0
15553031	0	6	0
15557804	0	1	0
15572516	0	1	0
15576688	0	2	0
15581114	0	1	0
15594073	0	1	0
15599489	0	1	0
15607535	0	2	0
15624641	0	1	0
15635178	0	1	0
15676978	0	1	0
15678764	0	1	0
15690604	0	3	0
15715149	0	1	0
15722915	0	1	0
15737148	0	1	0
15769292	0	1	0
15769615	0	1	0
15779562	0	4	0
15789077	0	1	0
15806881	0	1	0
15825836	0	3	0
15835800	0	1	0
15843969	0	3	0
15846170	0	4	0
15855446	0	1	0
15865554	0	2	0
15879743	0	1	0
15903750	0	1	0
15935319	0	1	0
15944739	0	1	0
15988322	0	2	0
15992769	0	7	0
16006210	0	1	0
16006240	0	2	0
16011432	0	1	0
16017565	0	2	0
16042499	0	1	0
16061795	0	1	0
16066687	0	1	0
16112577	0	1	0
16126962	0	3	0
16141824	0	1	0
16151155	0	1	0
16157145	0	1	0
16193722	0	10	0
16201946	0	1	0
16238305	0	1	0
16244567	0	1	0
16245550	0	1	0
16252635	0	1	0
16262461	0	1	0
16280171	0	1	0
16283373	0	1	0
16288896	0	1	0
16293299	0	4	0
16309604	0	1	0
16318606	0	1	0
16321327	0	1	0
16332253	0	1	0
16358374	0	1	0
16366397	0	1	0
16390848	0	1	0
16393339	0	0	1
16396528	0	1	0
16399871	0	1	0
16410317	0	1	0
16415743	0	1	0
16426755	0	0	1
16444133	0	1	0
16451876	0	1	0
16453447	0	1	0
16504728	0	1	0
16546090	0	1	0
16634861	0	5	0
16635444	0	2	0
16650949	0	1	0
16667282	0	1	0
16669282	0	1	0
16692298	0	1	0
16709733	0	2	0
16723871	0	1	0
16727090	0	2	0
16734688	0	1	0
16740521	0	1	0
16750876	0	1	0
16759419	0	3	0
16767255	0	4	0
16776355	0	1	0
16786789	0	6	0
16787316	0	1	0
16794113	0	1	0
16821081	0	1	0
16823703	0	1	0
16838764	0	2	0
16847715	0	2	0
16869497	0	2	0
16871045	0	1	0
16879805	0	1	0
16892358	0	1	0
16902504	0	1	0
16902643	0	1	0
16909130	0	4	0
16936915	0	11	0
16947210	0	1	0
16951590	0	1	0
16983688	0	1	0
16996757	0	1	0
17001728	0	2	0
17058333	0	1	0
17064490	0	0	1
17095203	0	1	0
17097742	0	1	0
17147110	0	2	0
17165391	0	2	0
17182416	0	5	0
17235720	0	1	0
17251604	0	1	0
17255540	0	2	0
17291023	0	1	0
17294575	0	1	0
17318487	0	0	1
17335820	0	1	0
17371293	0	2	0
17375527	0	1	0
17418285	0	1	0
17426064	0	1	0
17438325	0	2	0
17456282	0	2	0
17484880	0	0	1
17485193	0	2	0
17504405	0	1	0
17504594	0	1	0
17525539	0	1	0
17592210	0	1	0
17603861	0	1	0
17636480	0	3	0
17664579	0	1	0
17680066	0	1	0
17682167	0	3	0
17687337	0	1	0
17690421	0	1	0
17710556	0	3	0
17719981	0	1	0
17728321	0	1	0
17735545	0	2	0
17769213	0	1	0
17778778	0	1	0
17789422	0	1	0
17795193	0	1	0
17800035	0	1	0
17807260	0	1	0
17808480	0	1	0
17813150	0	3	0
17814948	0	1	0
17815734	0	2	0
17833792	0	2	0
17854102	0	1	0
17864071	0	1	0
17872485	0	2	0
17874190	0	1	0
17888912	0	1	0
17893669	0	2	0
17931646	0	3	0
17938686	0	1	0
17991456	0	1	0
18023966	0	1	0
18072168	0	4	0
18076867	0	1	0
18090135	0	1	0
18111124	0	1	0
18127408	0	3	0
18127932	0	2	0
18140770	0	2	0
18163264	0	1	0
18170332	0	2	0
18187064	0	3	0
18195856	0	4	0
18220332	0	2	0
18221568	0	2	0
18230355	0	1	0
18254386	0	1	0
18273153	0	1	0
18319789	0	2	0
18325106	0	1	0
18345314	0	2	0
18364434	0	1	0
18411597	0	0	1
18415021	0	1	0
18477043	0	1	0
18536878	0	1	0
18552687	0	3	0
18600676	0	1	0
18616660	0	1	0
18628957	0	3	0
18629653	0	3	0
18640897	0	1	0
18659176	0	1	0
18691268	0	3	0
18724522	0	1	0
18726557	0	1	0
18794534	0	3	0
18864989	0	2	0
18875772	0	2	0
18904595	0	3	0
18957608	0	1	0
18966574	0	1	0
18969210	0	1	0
18988314	0	2	0
18988877	0	1	0
19024022	0	2	0
19081704	0	3	0
19091617	0	2	0
19096469	0	1	0
19100677	0	1	0
19103243	0	1	0
19139795	0	1	0
19148982	0	1	0
19152376	0	1	0
19168585	0	2	0
19180449	0	1	0
19189248	0	2	0
19215019	0	2	0
19216618	0	2	0
19224673	0	1	0
19225144	0	1	0
19225175	0	1	0
19225306	0	1	0
19225323	0	2	0
19225381	0	1	0
19245132	0	1	0
19248598	0	1	0
19269275	0	1	0
19281807	0	1	0
19294089	0	1	0
19294416	0	3	0
19311458	0	5	0
19324122	0	1	0
19324395	0	1	0
19326901	0	2	0
19337079	0	1	0
19362089	0	1	0
19365466	0	1	0
19370482	0	3	0
19392860	0	1	0
19397612	0	3	0
19400111	0	1	0
19416876	0	1	0
19417479	0	1	0
19427296	0	1	0
19470256	0	3	0
19471944	0	8	0
19506807	0	1	0
19519352	0	2	0
19540196	0	3	0
19560905	0	1	0
19562842	0	1	0
19564253	0	1	0
19595685	0	1	0
19625030	0	2	0
19627877	0	2	0
19639056	0	2	0
19641649	0	1	0
19646877	0	1	0
19655519	0	2	0
19658892	0	2	0
19672582	0	1	0
19676944	0	2	0
19682438	0	1	0
19707894	0	1	0
19715568	0	1	0
19726467	0	1	0
19730401	0	1	0
19730451	0	2	0
19730456	0	1	0
19734772	0	2	0
19747448	0	1	0
19753830	0	1	0
19780113	0	1	0
19781297	0	3	0
19789674	0	1	0
19804401	0	1	0
19808575	0	2	0
19815973	0	2	0
19816874	0	1	0
19835099	0	1	0
19835843	0	2	0
19848649	0	1	0
19850379	0	1	0
19854045	0	2	0
19870729	0	1	0
19881102	0	1	0
19887679	0	1	0
19895964	0	1	0
19900301	0	1	0
19903691	0	3	0
19907345	0	1	0
19909039	0	1	0
19923526	0	1	0
19932382	0	1	0
19954051	0	1	0
19957479	0	1	0
19965194	0	1	0
19968565	0	1	0
19970500	0	1	0
19971243	0	1	0
19983742	0	1	0
20017290	0	1	0
20020352	0	2	0
20024982	0	1	0
20033817	0	1	0
20036634	0	1	0
20062464	0	4	0
20064598	0	1	0
20093949	0	1	0
20096046	0	4	0
20123284	0	1	0
20123937	0	1	0
20130048	0	1	0
20130645	0	2	0
20171255	0	1	0
20187925	0	1	0
20195712	0	1	0
20238958	0	2	0
20248172	0	1	0
20300173	0	1	0
20303127	0	1	0
20303507	0	4	0
20311137	0	4	0
20340668	0	1	0
20361472	0	1	0
20364957	0	1	0
20409507	0	1	0
20414284	0	1	0
20429807	0	1	0
20439285	0	5	0
20450946	0	1	0
20453349	0	1	0
20457849	0	1	0
20458637	0	1	0
20479423	0	1	0
20480163	0	6	0
20482435	0	1	0
20518555	0	1	0
20531827	0	2	0
20538952	0	1	0
20564139	0	3	0
20628399	0	1	0
20640633	0	1	0
20652694	0	1	0
20653000	0	2	0
20691059	0	2	0
20698939	0	1	0
20702279	0	1	0
20732287	0	1	0
20767993	0	1	0
20781841	0	1	0
20805874	0	2	0
20872379	0	1	0
20895485	0	1	0
20961505	0	1	0
20970888	0	1	0
21004467	0	0	1
21010304	0	1	0
21017882	0	1	0
21045377	0	1	0
21053821	0	1	0
21098801	0	8	0
21108799	0	1	0
21126764	0	3	0
21128638	0	1	0
21130404	0	1	0
21136065	0	0	1
21152170	0	3	0
21155027	0	1	0
21199548	0	1	0
21217262	0	11	0
21222300	0	1	0
21227817	0	1	0
21234443	0	1	0
21279754	0	1	0
21286157	0	1	0
21288191	0	1	0
21294809	0	1	0
21300307	0	1	0
21306974	0	1	0
21369753	0	2	0
21370359	0	1	0
21371456	0	1	0
21372220	0	3	0
21404390	0	1	0
21421547	0	2	0
21424704	0	1	0
21478593	0	1	0
21490316	0	2	0
21501793	0	1	0
21515094	0	1	0
21524461	0	1	0
21592135	0	1	0
21606851	0	2	0
21623558	0	1	0
21634450	0	1	0
21664043	0	1	0
21672995	0	1	0
21684079	0	1	0
21698887	0	1	0
21702117	0	1	0
21705394	0	1	0
21713436	0	1	0
21713763	0	0	1
21728543	0	1	0
21732413	0	1	0
21753342	0	1	0
21762503	0	1	0
21766229	0	1	0
21790329	0	2	0
21792708	0	1	0
21830724	0	1	0
21855002	0	1	0
21873525	0	1	0
21883664	0	1	0
21891275	0	1	0
21891325	0	1	0
21893022	0	2	0
21926595	0	1	0
21933550	0	1	0
21938018	0	1	0
21945023	0	2	0
21947261	0	1	0
21964606	0	1	0
21986168	0	1	0
22012381	0	2	0
22032498	0	3	0
22042078	0	1	0
22046325	0	5	0
22065547	0	3	0
22074572	0	1	0
22093983	0	1	0
22094640	0	2	0
22104251	0	0	1
22139815	0	1	0
22159043	0	1	0
22160738	0	1	0
22167641	0	1	0
22170986	0	1	0
22219012	0	4	0
22284933	0	1	0
22286292	0	1	0
22294476	0	1	0
22302496	0	3	0
22323860	0	1	0
22324869	0	3	0
22336320	0	3	0
22340023	0	1	0
22357663	0	1	0
22386228	0	1	0
22397040	0	1	0
22465368	0	1	0
22481906	0	1	0
22493292	0	4	0
22498107	0	2	0
22520143	0	1	0
22543197	0	1	0
22544602	0	1	0
22555787	0	1	0
22556603	0	1	0
22559093	0	1	0
22609402	0	1	0
22617330	0	1	0
22647421	0	1	0
22650824	0	1	0
22661134	0	1	0
22678058	0	1	0
22696349	0	4	0
22715212	0	1	0
22715596	0	2	0
22742418	0	2	0
22753509	0	1	0
22757455	0	0	1
22757464	0	0	1
22789466	0	6	0
22794586	0	3	0
22809100	0	1	0
22820173	0	1	0
22832347	0	1	0
22847630	0	8	0
22888581	0	5	0
22890498	0	2	0
22919742	0	1	0
22948927	0	1	0
22962388	0	2	0
22987042	0	1	0
22987704	0	1	0
22991310	0	1	0
22999461	0	5	0
23055027	0	1	0
23075320	0	1	0
23091266	0	1	0
23095473	0	1	0
23117870	0	3	0
23123898	0	1	0
23135594	0	2	0
23137487	0	1	0
23140546	0	1	0
23146366	0	1	0
23154002	0	3	0
23171525	0	1	0
23175695	0	3	0
23204587	0	1	0
23210666	0	2	0
23287441	0	1	0
23294457	0	1	0
23300386	0	3	0
23310456	0	1	0
23374887	0	2	0
23375830	0	3	0
23380877	0	1	0
23406804	0	1	0
23425097	0	1	0
23427147	0	1	0
23451950	0	1	0
23457390	0	2	0
23468613	0	3	0
23490138	0	1	0
23504507	0	1	0
23524299	0	1	0
23689914	0	1	0
23691287	0	1	0
23702763	0	1	0
23710034	0	1	0
23749771	0	1	0
23757978	0	6	0
23765171	0	3	0
23788184	0	1	0
23788676	0	2	0
23812961	0	1	0
23822395	0	1	0
23828990	0	1	0
23857229	0	2	0
23878102	0	1	0
23881849	0	1	0
23888185	0	1	0
23901323	0	1	0
23906498	0	1	0
23933329	0	1	0
23962069	0	1	0
23991344	0	2	0
23997362	0	3	0
24012776	0	1	0
24032498	0	1	0
24088428	0	4	0
24091064	0	1	0
24093771	0	1	0
24104846	0	1	0
24126205	0	1	0
24143896	0	1	0
24171594	0	1	0
24206770	0	1	0
24261484	0	1	0
24284812	0	1	0
24285175	0	2	0
24334510	0	1	0
24352641	0	3	0
24362516	0	1	0
24384915	0	1	0
24399311	0	1	0
24400083	0	1	0
24407875	0	1	0
24412811	0	3	0
24423020	0	1	0
24435143	0	1	0
24437445	0	1	0
24440920	0	1	0
24453705	0	2	0
24455736	0	1	0
24461077	0	2	0
24462194	0	6	0
24476869	0	1	0
24486514	0	1	0
24486979	0	1	0
24504349	0	1	0
24521858	0	1	0
24546470	0	1	0
24562437	0	1	0
24577358	0	2	0
24592040	0	1	0
24625223	0	1	0
24629306	0	3	0
24641488	0	1	0
24648304	0	1	0
24680281	0	1	0
24681099	0	1	0
24714273	0	1	0
24740366	0	0	1
24751765	0	2	0
24790267	0	1	0
24807632	0	1	0
24845056	0	1	0
24848195	0	3	0
24860786	0	1	0
24880879	0	2	0
24881897	0	1	0
24891927	0	1	0
24895979	0	3	0
24922194	0	1	0
24931988	0	3	0
24974309	0	6	0
25048638	0	1	0
25056652	0	0	1
25071624	0	1	0
25071833	0	1	0
25073137	0	2	0
25105788	0	3	0
25110150	0	1	0
25137625	0	1	0
25149274	0	1	0
25186562	0	1	0
25227132	0	3	0
25234039	0	1	0
25239346	0	1	0
25304565	0	1	0
25312111	0	1	0
25321902	0	8	0
25330755	0	1	0
25337032	0	3	0
25348110	0	1	0
25369398	0	1	0
25388202	0	2	0
25401926	0	2	0
25409097	0	1	0
25411557	0	1	0
25416370	0	1	0
25424120	0	1	0
25481466	0	1	0
25511560	0	1	0
25518033	0	1	0
25532446	0	2	0
25566478	0	3	0
25571512	0	1	0
25576774	0	1	0
25611636	0	1	0
25617454	0	1	0
25636359	0	1	0
25640282	0	1	0
25643444	0	1	0
25660238	0	1	0
25664745	0	1	0
25685129	0	2	0
25691327	0	1	0
25740222	0	4	0
25757379	0	1	0
25768587	0	1	0
25768843	0	1	0
25769843	0	1	0
25770721	0	1	0
25784301	0	1	0
25788013	0	1	0
25790122	0	1	0
25793693	0	1	0
25803593	0	3	0
25811317	0	1	0
25813788	0	2	0
25857522	0	1	0
25863139	0	1	0
25864352	0	1	0
25865358	0	1	0
25866596	0	1	0
25892515	0	2	0
25892565	0	2	0
25919871	0	2	0
25934004	0	1	0
25966056	0	1	0
25983368	0	1	0
25999670	0	1	0
26069506	0	2	0
26077655	0	1	0
26120634	0	1	0
26125048	0	2	0
26126506	0	2	0
26148333	0	2	0
26158308	0	1	0
26168767	0	1	0
26182785	0	1	0
26183419	0	1	0
26188126	0	3	0
26249586	0	1	0
26268503	0	2	0
26280733	0	1	0
26285308	0	1	0
26291799	0	2	0
26296928	0	2	0
26328019	0	1	0
26351426	0	1	0
26366763	0	1	0
26382208	0	3	0
26406056	0	2	0
26412120	0	1	0
26487244	0	1	0
26496632	0	1	0
26510179	0	1	0
26526213	0	1	0
26526836	0	2	0
26536698	0	2	0
26550596	0	1	0
26582411	0	1	0
26584367	0	3	0
26601373	0	2	0
26612518	0	1	0
26621557	0	4	0
26649957	0	1	0
26720709	0	3	0
26800420	0	2	0
26834390	0	1	0
26855639	0	3	0
26878406	0	1	0
26886120	0	1	0
26888765	0	1	0
26914187	0	1	0
26924363	0	1	0
26932774	0	1	0
26938631	0	1	0
26994913	0	1	0
27001696	0	1	0
27012056	0	1	0
27016638	0	1	0
27017174	0	1	0
27033592	0	1	0
27077910	0	1	0
27078991	0	1	0
27085340	0	1	0
27144465	0	2	0
27145650	0	1	0
27169706	0	1	0
27180088	0	1	0
27182963	0	1	0
27193742	0	1	0
27201168	0	1	0
27243992	0	1	0
27256800	0	1	0
27293315	0	1	0
27311349	0	1	0
27311354	0	1	0
27318414	0	1	0
27386986	0	3	0
27388439	0	1	0
27421580	0	1	0
27499914	0	1	0
27500944	0	2	0
27550126	0	1	0
27579754	0	1	0
27607168	0	1	0
27611665	0	1	0
27639947	0	1	0
27695453	0	1	0
27696292	0	1	0
27751744	0	1	0
27755460	0	1	0
27757859	0	1	0
27761470	0	1	0
27766190	0	1	0
27770154	0	1	0
27808684	0	1	0
27811784	0	7	0
27822615	0	1	0
27845983	0	1	0
27846317	0	1	0
27848259	0	1	0
27915219	0	1	0
27954173	0	0	1
28018459	0	1	0
28059668	0	1	0
28064716	0	1	0
28067379	0	1	0
28096441	0	1	0
28114430	0	1	0
28114915	0	1	0
28128618	0	1	0
28128986	0	1	0
28137616	0	1	0
28165945	0	1	0
28171307	0	4	0
28176744	0	3	0
28213783	0	1	0
28249005	0	2	0
28290112	0	1	0
28318763	0	1	0
28338724	0	2	0
28373365	0	1	0
28382703	0	1	0
28403813	0	1	0
28422953	0	1	0
28425093	0	5	0
28480391	0	1	0
28536950	0	1	0
28559949	0	1	0
28572132	0	1	0
28592456	0	1	0
28626758	0	1	0
28639628	0	1	0
28663591	0	1	0
28699220	0	1	0
28699916	0	1	0
28702827	0	1	0
28730163	0	1	0
28755712	0	2	0
28810063	0	1	0
28810269	0	4	0
28827026	0	3	0
28889401	0	1	0
28896848	0	1	0
28898499	0	1	0
28905437	0	1	0
28917063	0	1	0
28917222	0	1	0
28946498	0	1	0
28961368	0	1	0
28974592	0	1	0
29027873	0	2	0
29027951	0	1	0
29034939	0	1	0
29038029	0	1	0
29043906	0	1	0
29067885	0	1	0
29070997	0	1	0
29166202	0	1	0
29189657	0	1	0
29215955	0	2	0
29232559	0	1	0
29242500	0	1	0
29252221	0	6	0
29265947	0	2	0
29303809	0	2	0
29318788	0	1	0
29335967	0	1	0
29357610	0	1	0
29377700	0	1	0
29381983	0	2	0
29397100	0	1	0
29407801	0	1	0
29455767	0	1	0
29459694	0	3	0
29471314	0	1	0
29473100	0	1	0
29473634	0	1	0
29549863	0	1	0
29552827	0	1	0
29566503	0	1	0
29567179	0	1	0
29601779	0	1	0
29602751	0	1	0
29625571	0	1	0
29636231	0	1	0
29640463	0	1	0
29656220	0	1	0
29696605	0	1	0
29705314	0	4	0
29717146	0	2	0
29750407	0	1	0
29783829	0	2	0
29791949	0	1	0
29821304	0	1	0
29834534	0	1	0
29844421	0	1	0
29867781	0	1	0
29908333	0	1	0
29917069	0	1	0
29929419	0	1	0
29951417	0	1	0
30018867	0	3	0
30038584	0	1	0
30043494	0	1	0
30061932	0	1	0
30086102	0	2	0
30100765	0	2	0
30102133	0	1	0
30103952	0	1	0
30169139	0	1	0
30178556	0	1	0
30178628	0	1	0
30180958	0	2	0
30215497	0	1	0
30267359	0	1	0
30284363	0	2	0
30309560	0	2	0
30322789	0	2	0
30325473	0	2	0
30354152	0	1	0
30373800	0	1	0
30388591	0	3	0
30389944	0	1	0
30425304	0	1	0
30439043	0	1	0
30443686	0	1	0
30483809	0	1	0
30489274	0	1	0
30494553	0	1	0
30494555	0	1	0
30494557	0	1	0
30527407	0	1	0
30528103	0	1	0
30551776	0	1	0
30580343	0	4	0
30582527	0	4	0
30594886	0	1	0
30610516	0	1	0
30654016	0	1	0
30659538	0	1	0
30665192	0	1	0
30700926	0	1	0
30724486	0	1	0
30726675	0	1	0
30757756	0	1	0
30771030	0	1	0
30786014	0	1	0
30800312	0	1	0
30800818	0	1	0
30859520	0	1	0
30860650	0	2	0
30861528	0	1	0
30872061	0	1	0
30877358	0	2	0
30914986	0	2	0
30939125	0	1	0
30972628	0	3	0
30990021	0	1	0
30992760	0	1	0
31066832	0	1	0
31078328	0	1	0
31083338	0	8	0
31123739	0	1	0
31164818	0	1	0
31181879	0	2	0
31186674	0	1	0
31254290	0	1	0
31259083	0	1	0
31305328	0	1	0
31310339	0	1	0
31329220	0	0	1
31360500	0	1	0
31372012	0	1	0
31373157	0	1	0
31379935	0	1	0
31418130	0	1	0
31426013	0	2	0
31438778	0	1	0
31447968	0	1	0
31471361	0	1	0
31509013	0	1	0
31539569	0	1	0
31552135	0	1	0
31564419	0	1	0
31594398	0	2	0
31604934	0	1	0
31626935	0	2	0
31652528	0	1	0
31675546	0	1	0
31726589	0	1	0
31728686	0	2	0
31751777	0	1	0
31752408	0	6	0
31783715	0	1	0
31810444	0	1	0
31845911	0	2	0
31875743	0	1	0
31882006	0	1	0
32012844	0	1	0
32030811	0	3	0
32046936	0	1	0
32056547	0	8	0
32091902	0	1	0
32126605	0	1	0
32134374	0	6	0
32135500	0	1	0
32136962	0	2	0
32210559	0	1	0
32225836	0	1	0
32225939	0	2	0
32252260	0	1	0
32253811	0	1	0
32265195	0	2	0
32281730	0	1	0
32345114	0	1	0
32369828	0	1	0
32402022	0	1	0
32427129	0	1	0
32427699	0	1	0
32455099	0	2	0
32456282	0	1	0
32489608	0	2	0
32548324	0	1	0
32555763	0	1	0
32587911	0	1	0
32620184	0	1	0
32633044	0	1	0
32636526	0	6	0
32642272	0	2	0
32686053	0	1	0
32699514	0	2	0
32713993	0	2	0
32721117	0	1	0
32733398	0	1	0
32742911	0	1	0
32761175	0	2	0
32773102	0	2	0
32806583	0	1	0
32822640	0	1	0
32874929	0	1	0
32895025	0	1	0
32923060	0	1	0
32930876	0	2	0
32939160	0	2	0
32957691	0	1	0
32970810	0	1	0
32990719	0	1	0
33067432	0	2	0
33077695	0	1	0
33078279	0	1	0
33112490	0	1	0
33114936	0	2	0
33122758	0	3	0
33124872	0	3	0
33142932	0	1	0
33163958	0	2	0
33183504	0	1	0
33250371	0	2	0
33262157	0	1	0
33274901	0	0	1
33324671	0	1	0
33343570	0	1	0
33357479	0	3	0
33394338	0	1	0
33396566	0	1	0
33420144	0	1	0
33428334	0	1	0
33433343	0	1	0
33482945	0	1	0
33514151	0	1	0
33522032	0	2	0
33546118	0	1	0
33587664	0	3	0
33595922	0	4	0
33599456	0	1	0
33601175	0	3	0
33602085	0	1	0
33622814	0	1	0
33648593	0	0	1
33706370	0	2	0
33716915	0	2	0
33729005	0	1	0
33748280	0	3	0
33779574	0	1	0
33806816	0	1	0
33812858	0	2	0
33812870	0	1	0
33850930	0	3	0
33878901	0	3	0
33882565	0	1	0
33889286	0	1	0
33889324	0	1	0
33919985	0	1	0
33955105	0	1	0
34029504	0	1	0
34037096	0	4	0
34083974	0	1	0
34098963	0	1	0
34120696	0	1	0
34129526	0	1	0
34129797	0	1	0
34159090	0	1	0
34166983	0	1	0
34175275	0	1	0
34180095	0	1	0
34220407	0	1	0
34249713	0	1	0
34254878	0	2	0
34333584	0	4	0
34410929	0	2	0
34432745	0	1	0
34437200	0	1	0
34452963	0	1	0
34459230	0	3	0
34497426	0	1	0
34500408	0	1	0
34501026	0	2	0
34505450	0	1	0
34521356	0	2	0
34573546	0	1	0
34575571	0	3	0
34577201	0	1	0
34585531	0	2	0
34668857	0	0	1
34687223	0	1	0
34693484	0	1	0
34718441	0	3	0
34721604	0	1	0
34723560	0	1	0
34724551	0	0	1
34736062	0	1	0
34737916	0	1	0
34751871	0	1	0
34755506	0	1	0
34781544	0	1	0
34795280	0	1	0
34823238	0	1	0
34849304	0	1	0
34869610	0	2	0
34895610	0	3	0
34896598	0	0	1
34907948	0	2	0
34935862	0	1	0
34953707	0	2	0
34965474	0	1	0
34981581	0	1	0
34983074	0	1	0
34984071	0	2	0
35004907	0	1	0
35016244	0	1	0
35035279	0	3	0
35035342	0	1	0
35050514	0	1	0
35071334	0	1	0
35078311	0	1	0
35113943	0	1	0
35120622	0	1	0
35137845	0	1	0
35146967	0	4	0
35155910	0	1	0
35161251	0	1	0
35166476	0	1	0
35177709	0	1	0
35198423	0	1	0
35207069	0	3	0
35218828	0	1	0
35240799	0	1	0
35256017	0	1	0
35261494	0	1	0
35276487	0	7	0
35294872	0	1	0
35321148	0	1	0
35321241	0	1	0
35405375	0	2	0
35412298	0	2	0
35434201	0	1	0
35440031	0	1	0
35468735	0	1	0
35479655	0	0	1
35484142	0	1	0
35487444	0	1	0
35508115	0	1	0
35517678	0	1	0
35534504	0	1	0
35549326	0	1	0
35573822	0	2	0
35575809	0	1	0
35587739	0	1	0
35595949	0	1	0
35609355	0	1	0
35611420	0	1	0
35613660	0	1	0
35638613	0	1	0
35653141	0	0	1
35821008	0	1	0
35834955	0	2	0
35836528	0	1	0
35849218	0	1	0
35870169	0	1	0
35883352	0	1	0
35890498	0	2	0
35906782	0	2	0
35909389	0	2	0
35945563	0	2	0
35948087	0	1	0
35966524	0	1	0
35978165	0	1	0
35983108	0	1	0
35986116	0	1	0
35988730	0	1	0
35989602	0	1	0
35989876	0	1	0
36053194	0	2	0
36068791	0	4	0
36070377	0	1	0
36078812	0	1	0
36086823	0	1	0
36091466	0	1	0
36108041	0	1	0
36135413	0	1	0
36181201	0	1	0
36195830	0	1	0
36203833	0	1	0
36206735	0	1	0
36210125	0	2	0
36226948	0	1	0
36234994	0	1	0
36237468	0	4	0
36248093	0	3	0
36267829	0	1	0
36269339	0	1	0
36298169	0	2	0
36313029	0	2	0
36321919	0	1	0
36349375	0	2	0
36354320	0	1	0
36363155	0	1	0
36385076	0	1	0
36413237	0	1	0
36418075	0	1	0
36420134	0	1	0
36422197	0	6	0
36442879	0	1	0
36472186	0	1	0
36481208	0	2	0
36522320	0	1	0
36590172	0	1	0
36601910	0	1	0
36607620	0	1	0
36626236	0	1	0
36628160	0	6	0
36653274	0	1	0
36660780	0	1	0
36689621	0	2	0
36712666	0	4	0
36743691	0	1	0
36747944	0	0	1
36770604	0	3	0
36795116	0	1	0
36798112	0	1	0
36808182	0	4	0
36816090	0	1	0
36823441	0	1	0
36843661	0	1	0
36901457	0	4	0
36938458	0	2	0
36948127	0	1	0
36953047	0	5	0
36972019	0	1	0
36992157	0	1	0
37059413	0	1	0
37073179	0	2	0
37103070	0	1	0
37106331	0	1	0
37109997	0	1	0
37168523	0	1	0
37205487	0	2	0
37232403	0	2	0
37254812	0	2	0
37269338	0	1	0
37276444	0	1	0
37278410	0	1	0
37284222	0	1	0
37291201	0	1	0
37298780	0	1	0
37311445	0	1	0
37315877	0	1	0
37341980	0	3	0
37370005	0	2	0
37381564	0	1	0
37385436	0	1	0
37397201	0	1	0
37400494	0	1	0
37430639	0	1	0
37466377	0	1	0
37467492	0	1	0
37476129	0	1	0
37478239	0	1	0
37497031	0	2	0
37520019	0	1	0
37589077	0	1	0
37601730	0	1	0
37616566	0	1	0
37647055	0	1	0
37693744	0	1	0
37701980	0	2	0
37716188	0	2	0
37747899	0	1	0
37754009	0	1	0
37755092	0	1	0
37766398	0	2	0
37766710	0	2	0
37794815	0	1	0
37822016	0	1	0
37897194	0	1	0
37897519	0	5	0
37918355	0	1	0
37950767	0	2	0
37961899	0	3	0
37966815	0	1	0
37979108	0	1	0
38008579	0	1	0
38035085	0	3	0
38037642	0	1	0
38085558	0	1	0
38114516	0	1	0
38122779	0	1	0
38147740	0	1	0
38151359	0	1	0
38175959	0	1	0
38178889	0	3	0
38185870	0	1	0
38204728	0	1	0
38235524	0	1	0
38246483	0	2	0
38294085	0	1	0
38326405	0	3	0
38373152	0	1	0
38399397	0	2	0
38399663	0	1	0
38412911	0	1	0
38452190	0	2	0
38479641	0	1	0
38496329	0	1	0
38572510	0	1	0
38590117	0	1	0
38650089	0	2	0
38721338	0	4	0
38753514	0	2	0
38775040	0	1	0
38781815	0	2	0
38791950	0	2	0
38829533	0	2	0
38831238	0	2	0
38837391	0	1	0
38844732	0	1	0
38859140	0	1	0
38875244	0	1	0
38926270	0	2	0
38938596	0	2	0
38969124	0	1	0
38992340	0	1	0
39009131	0	1	0
39040334	0	1	0
39041491	0	1	0
39058990	0	1	0
39066804	0	1	0
39075285	0	2	0
39078989	0	1	0
39088691	0	1	0
39135178	0	1	0
39137469	0	1	0
39153151	0	1	0
39173912	0	1	0
39230474	0	1	0
39253542	0	1	0
39268339	0	1	0
39287921	0	1	0
39309817	0	2	0
39310776	0	1	0
39358449	0	1	0
39361175	0	1	0
39369462	0	1	0
39384842	0	0	1
39391575	0	0	1
39408119	0	1	0
39413460	0	1	0
39415487	0	1	0
39417289	0	1	0
39424762	0	1	0
39472831	0	3	0
39494615	0	1	0
39533840	0	1	0
39552100	0	2	0
39572100	0	1	0
39609469	0	0	1
39632330	0	6	0
39637204	0	2	0
39638623	0	2	0
39646983	0	1	0
39659662	0	1	0
39666472	0	1	0
39674662	0	1	0
39744373	0	1	0
39751625	0	3	0
39821695	0	1	0
39856724	0	2	0
39863896	0	4	0
39913178	0	1	0
39944912	0	3	0
39996254	0	3	0
40059989	0	1	0
40065942	0	1	0
40118655	0	1	0
40121632	0	1	0
40123050	0	3	0
40251372	0	1	0
40258077	0	1	0
40262926	0	2	0
40298394	0	1	0
40309299	0	3	0
40309455	0	1	0
40321638	0	1	0
40392547	0	1	0
40482259	0	1	0
40515969	0	2	0
40537742	0	2	0
40570098	0	1	0
40588972	0	2	0
40634446	0	1	0
40636790	0	1	0
40689000	0	1	0
40692430	0	1	0
40722184	0	1	0
40747528	0	4	0
40752527	0	1	0
40755183	0	1	0
40761547	0	1	0
40770329	0	1	0
40792980	0	1	0
40802726	0	1	0
40805155	0	1	0
40829895	0	1	0
40836080	0	1	0
40891537	0	3	0
40903286	0	1	0
40962969	0	1	0
40985757	0	1	0
40987106	0	1	0
40998277	0	1	0
41012609	0	1	0
41038612	0	2	0
41063134	0	1	0
41070989	0	1	0
41071495	0	5	0
41082368	0	0	1
41151011	0	1	0
41155066	0	1	0
41156402	0	1	0
41193287	0	2	0
41216553	0	1	0
41249278	0	2	0
41260723	0	2	0
41274609	0	1	0
41376720	0	1	0
41403906	0	1	0
41419292	0	1	0
41506516	0	1	0
41550565	0	5	0
41556672	0	1	0
41564137	0	2	0
41614093	0	1	0
41628682	0	4	0
41654282	0	1	0
41709576	0	1	0
41718949	0	1	0
41728099	0	1	0
41747924	0	3	0
41752221	0	2	0
41774141	0	1	0
41793470	0	1	0
41813866	0	1	0
41822800	0	5	0
41835071	0	1	0
41844335	0	6	0
41852640	0	2	0
41954675	0	2	0
41970516	0	1	0
42011272	0	1	0
42049956	0	1	0
42059537	0	1	0
42063506	0	1	0
42070743	0	1	0
42077845	0	1	0
42178485	0	3	0
42188735	0	1	0
42198010	0	1	0
42206431	0	2	0
42228646	0	1	0
42339499	0	1	0
42375531	0	2	0
42409519	0	1	0
42409880	0	1	0
42422814	0	3	0
42460901	0	1	0
42467466	0	4	0
42471591	0	2	0
42490716	0	1	0
42494909	0	1	0
42505812	0	4	0
42549462	0	1	0
42573846	0	1	0
42592420	0	1	0
42624346	0	1	0
42631731	0	1	0
42721631	0	1	0
42737760	0	1	0
42741876	0	1	0
42750959	0	1	0
42802940	0	2	0
42814618	0	1	0
42830814	0	1	0
42841757	0	1	0
42877796	0	1	0
42886148	0	1	0
42903909	0	1	0
42906761	0	3	0
42931107	0	1	0
42946837	0	1	0
42953812	0	1	0
42964063	0	1	0
42967094	0	2	0
42999253	0	1	0
42999811	0	1	0
43004614	0	1	0
43005152	0	1	0
43028784	0	1	0
43038029	0	1	0
43055857	0	2	0
43075071	0	1	0
43101014	0	1	0
43105110	0	2	0
43116541	0	1	0
43134054	0	1	0
43146449	0	4	0
43246459	0	1	0
43276217	0	1	0
43284698	0	2	0
43294395	0	1	0
43294460	0	1	0
43325238	0	1	0
43333868	0	1	0
43336429	0	1	0
43339274	0	1	0
43348124	0	1	0
43360904	0	1	0
43382122	0	2	0
43392883	0	1	0
43474964	0	1	0
43484398	0	1	0
43510592	0	2	0
43511003	0	1	0
43511013	0	1	0
43511014	0	1	0
43511015	0	1	0
43511033	0	1	0
43511037	0	1	0
43511040	0	4	0
43511049	0	1	0
43511051	0	1	0
43511056	0	2	0
43511063	0	1	0
43511064	0	1	0
43511091	0	1	0
43511104	0	1	0
43511109	0	2	0
43512090	0	1	0
43526165	0	2	0
43596001	0	4	0
43612262	0	1	0
43626049	0	1	0
43626057	0	2	0
43648631	0	0	1
43649031	0	1	0
43666490	0	1	0
43738215	0	3	0
43761905	0	4	0
43825672	0	1	0
43909124	0	1	0
43920263	0	1	0
43926768	0	1	0
43990365	0	1	0
44016122	0	0	1
44043705	0	1	0
44045248	0	1	0
44047174	0	4	0
44054275	0	1	0
44108940	0	1	0
44122396	0	1	0
44160707	0	1	0
44246727	0	1	0
44258899	0	1	0
44290499	0	1	0
44297635	0	1	0
44332511	0	2	0
44347241	0	1	0
44358030	0	1	0
44381994	0	1	0
44393460	0	1	0
44404621	0	1	0
44409760	0	1	0
44447313	0	1	0
44466006	0	1	0
44499546	0	1	0
44500383	0	2	0
44513132	0	1	0
44547561	0	1	0
44565525	0	3	0
44574161	0	2	0
44626487	0	1	0
44655087	0	1	0
44657644	0	1	0
44664106	0	1	0
44702486	0	1	0
44703193	0	2	0
44707223	0	1	0
44735875	0	1	0
44759611	0	2	0
44810295	0	1	0
44832993	0	1	0
44871911	0	0	1
44900837	0	3	0
44923326	0	1	0
44927553	0	1	0
44930219	0	3	0
44930713	0	2	0
44941776	0	1	0
44945391	0	1	0
44957767	0	1	0
44976423	0	1	0
44987471	0	1	0
45008199	0	1	0
45026387	0	1	0
45075216	0	1	0
45075282	0	1	0
45088014	0	2	0
45106096	0	1	0
45110577	0	1	0
45144191	0	2	0
45154708	0	2	0
45200455	0	1	0
45204424	0	1	0
45210195	0	1	0
45216097	0	1	0
45293204	0	1	0
45297087	0	3	0
45386459	0	2	0
45400797	0	2	0
45403443	0	1	0
45404941	0	1	0
45433372	0	1	0
45434433	0	1	0
45449135	0	2	0
45489597	0	2	0
45490918	0	1	0
45502225	0	1	0
45520056	0	2	0
45520518	0	1	0
45525224	0	1	0
45525662	0	1	0
45544883	0	1	0
45553702	0	4	0
45586816	0	3	0
45609520	0	1	0
45632186	0	1	0
45635113	0	1	0
45652264	0	2	0
45685513	0	1	0
45695901	0	1	0
45729285	0	1	0
45753731	0	1	0
45776692	0	1	0
45791359	0	1	0
45799007	0	1	0
45839607	0	1	0
45912575	0	1	0
45941182	0	1	0
45964050	0	1	0
46012958	0	1	0
46094065	0	1	0
46132494	0	1	0
46271237	0	1	0
46289360	0	1	0
46298888	0	0	1
46309591	0	1	0
46366941	0	1	0
46371714	0	2	0
46399126	0	1	0
46403378	0	1	0
46423259	0	2	0
46512703	0	2	0
46525997	0	2	0
46531712	0	1	0
46537680	0	1	0
46539582	0	1	0
46540439	0	3	0
46581437	0	1	0
46613566	0	0	1
46615054	0	2	0
46624521	0	2	0
46651840	0	1	0
46688746	0	1	0
46690708	0	1	0
46706649	0	1	0
46767558	0	1	0
46774350	0	3	0
46787868	0	2	0
46794383	0	1	0
46910733	0	1	0
46913606	0	1	0
46919060	0	4	0
46932436	0	1	0
46951086	0	1	0
47046237	0	1	0
47120758	0	2	0
47134022	0	1	0
47151745	0	1	0
47164756	0	3	0
47165195	0	1	0
47175620	0	1	0
47183509	0	1	0
47193416	0	1	0
47224192	0	1	0
47241781	0	2	0
47241943	0	1	0
47249707	0	1	0
47265351	0	4	0
47267008	0	1	0
47288963	0	1	0
47315052	0	0	1
47331303	0	3	0
47345175	0	1	0
47371250	0	1	0
47371866	0	2	0
47391020	0	1	0
47391198	0	1	0
47395602	0	1	0
47412576	0	2	0
47438305	0	1	0
47439471	0	3	0
47441554	0	1	0
47447908	0	1	0
47470229	0	1	0
47474477	0	1	0
47486908	0	1	0
47499160	0	1	0
47500979	0	1	0
47506276	0	2	0
47512041	0	1	0
47524403	0	1	0
47535685	0	1	0
47556003	0	1	0
47631826	0	1	0
47631966	0	2	0
47641273	0	1	0
47644588	0	1	0
47655352	0	1	0
47657728	0	4	0
47680884	0	1	0
47703239	0	1	0
47732418	0	1	0
47757410	0	2	0
47757838	0	1	0
47772172	0	2	0
47806610	0	1	0
47822865	0	0	1
47851084	0	2	0
47895128	0	1	0
47896238	0	1	0
47922603	0	1	0
47929324	0	1	0
47944066	0	2	0
47981747	0	2	0
48031944	0	1	0
48052436	0	1	0
48083125	0	5	0
48091376	0	1	0
48107197	0	2	0
48134639	0	4	0
48139098	0	1	0
48170321	0	5	0
48185704	0	1	0
48189717	0	3	0
48204838	0	1	0
48213617	0	1	0
48218865	0	1	0
48233390	0	2	0
48241291	0	2	0
48263496	0	4	0
48305549	0	3	0
48315541	0	1	0
48336935	0	2	0
48349972	0	1	0
48351940	0	1	0
48356163	0	1	0
48370064	0	1	0
48415795	0	1	0
48443306	0	1	0
48451449	0	1	0
48451631	0	1	0
48482512	0	1	0
48508740	0	1	0
48513971	0	1	0
48528895	0	1	0
48542622	0	7	0
48563001	0	1	0
48569902	0	1	0
48572282	0	2	0
48596332	0	1	0
48647068	0	1	0
48714835	0	3	0
48730820	0	1	0
48784639	0	1	0
48798923	0	1	0
48800832	0	2	0
48814332	0	1	0
48815599	0	1	0
48819121	0	1	0
48881863	0	1	0
48901037	0	1	0
48939884	0	2	0
48942618	0	2	0
48953324	0	1	0
48975066	0	1	0
48975597	0	1	0
49035086	0	1	0
49041961	0	1	0
49066943	0	7	0
49086485	0	3	0
49130856	0	1	0
49138304	0	1	0
49138405	0	2	0
49180406	0	4	0
49194607	0	1	0
49232070	0	4	0
49236336	0	1	0
49294914	0	1	0
49304323	0	1	0
49305771	0	1	0
49309113	0	1	0
49313766	0	1	0
49351447	0	1	0
49356717	0	1	0
49379419	0	1	0
49382848	0	2	0
49392514	0	1	0
49401528	0	1	0
49401874	0	1	0
49543187	0	3	0
49562839	0	1	0
49568518	0	1	0
49593092	0	1	0
49617552	0	1	0
49625145	0	3	0
49696546	0	2	0
49717323	0	2	0
49718754	0	1	0
49722185	0	2	0
49728393	0	1	0
49760829	0	1	0
49808705	0	1	0
49827522	0	1	0
49841104	0	1	0
49881075	0	1	0
49896829	0	3	0
49902364	0	1	0
49924317	0	1	0
49955004	0	1	0
49958203	0	1	0
49981617	0	3	0
49987527	0	1	0
49996151	0	1	0
50025511	0	1	0
50029388	0	1	0
50029410	0	1	0
50088941	0	2	0
50101972	0	1	0
50148324	0	3	0
50158553	0	2	0
50159351	0	1	0
50164846	0	1	0
50167720	0	1	0
50197523	0	1	0
50201654	0	1	0
50242984	0	3	0
50256311	0	1	0
50282843	0	2	0
50305443	0	1	0
50306532	0	1	0
50356449	0	1	0
50381511	0	1	0
50398414	0	1	0
50452251	0	2	0
50462274	0	1	0
50493548	0	1	0
50552718	0	3	0
50568653	0	1	0
50578229	0	1	0
50611311	0	1	0
50687995	0	1	0
50745697	0	1	0
50794821	0	1	0
50826878	0	3	0
50862996	0	1	0
50877231	0	1	0
50911255	0	1	0
50932629	0	1	0
50962805	0	1	0
50978103	0	1	0
51006867	0	1	0
51017538	0	5	0
51082887	0	3	0
51119058	0	1	0
51146798	0	1	0
51172279	0	1	0
51173886	0	1	0
51189909	0	1	0
51191126	0	1	0
51219579	0	6	0
51284430	0	1	0
51313817	0	6	0
51317980	0	3	0
51323895	0	1	0
51348185	0	1	0
51370025	0	1	0
51388944	0	1	0
51417278	0	3	0
51424809	0	1	0
51442786	0	1	0
51461002	0	1	0
51547026	0	1	0
51556304	0	1	0
51559027	0	2	0
51581588	0	1	0
51585807	0	1	0
51616444	0	1	0
51675067	0	1	0
51694240	0	1	0
51703020	0	1	0
51714221	0	2	0
51717392	0	1	0
51717772	0	6	0
51773785	0	1	0
51808640	0	1	0
51810114	0	1	0
51824643	0	1	0
51828867	0	1	0
51835704	0	2	0
51901268	0	1	0
51923704	0	1	0
51937896	0	3	0
51937912	0	1	0
51957446	0	1	0
52013225	0	1	0
52043118	0	1	0
52058390	0	1	0
52076554	0	0	1
52093686	0	1	0
52098335	0	2	0
52104583	0	1	0
52110768	0	1	0
52136694	0	1	0
52142893	0	1	0
52158069	0	1	0
52159260	0	1	0
52189931	0	1	0
52222844	0	1	0
52223035	0	5	0
52239071	0	1	0
52274115	0	1	0
52293676	0	1	0
52311294	0	2	0
52316040	0	2	0
52379989	0	2	0
52380016	0	2	0
52404147	0	3	0
52405596	0	2	0
52425894	0	2	0
52430741	0	1	0
52444466	0	1	0
52444541	0	1	0
52460271	0	1	0
52470396	0	4	0
52517909	0	2	0
52538439	0	1	0
52552867	0	1	0
52563638	0	1	0
52572032	0	1	0
52679630	0	1	0
52681244	0	1	0
52706142	0	1	0
52723466	0	1	0
52735987	0	1	0
52738682	0	1	0
52747398	0	1	0
52788350	0	2	0
52837952	0	1	0
52908714	0	1	0
52954379	0	1	0
52992930	0	1	0
53026443	0	2	0
53072565	0	2	0
53087512	0	3	0
53119285	0	3	0
53148312	0	3	0
53152771	0	1	0
53170831	0	2	0
53216108	0	1	0
53225806	0	1	0
53255437	0	1	0
53301378	0	2	0
53335240	0	1	0
53348362	0	1	0
53356293	0	1	0
53356323	0	2	0
53357200	0	1	0
53360682	0	1	0
53370151	0	2	0
53406381	0	1	0
53442995	0	3	0
53448105	0	1	0
53456219	0	1	0
53494098	0	1	0
53501150	0	5	0
53501348	0	1	0
53587390	0	1	0
53588208	0	2	0
53636470	0	1	0
53637016	0	1	0
53643696	0	1	0
53650132	0	1	0
53671554	0	1	0
53678701	0	1	0
53691235	0	2	0
53730584	0	1	0
53778183	0	1	0
53807483	0	1	0
53813378	0	1	0
53849674	0	1	0
53854081	0	1	0
53857654	0	1	0
53886130	0	1	0
53988101	0	1	0
53991442	0	1	0
53998820	0	1	0
54024333	0	1	0
54032494	0	2	0
54062756	0	1	0
54078854	0	1	0
54118052	0	2	0
54172621	0	2	0
54186473	0	1	0
54188713	0	1	0
54314911	0	1	0
54348007	0	3	0
54431373	0	1	0
54465970	0	1	0
54469495	0	1	0
54492239	0	2	0
54497849	0	2	0
54509774	0	1	0
54533746	0	1	0
54540655	0	2	0
54554047	0	1	0
54555632	0	2	0
54615676	0	4	0
54682209	0	1	0
54713621	0	4	0
54713631	0	1	0
54713633	0	2	0
54713655	0	3	0
54724831	0	1	0
54727572	0	1	0
54741216	0	1	0
54757598	0	1	0
54771550	0	1	0
54863277	0	1	0
54869957	0	3	0
54940456	0	2	0
54949059	0	4	0
54951203	0	1	0
54980351	0	1	0
55031981	0	1	0
55076972	0	1	0
55107558	0	1	0
55112468	0	1	0
55113330	0	1	0
55125099	0	2	0
55152250	0	1	0
55152536	0	1	0
55232402	0	1	0
55252248	0	1	0
55315039	0	1	0
55315796	0	1	0
55322561	0	1	0
55334408	0	1	0
55408153	0	3	0
55418007	0	2	0
55516089	0	1	0
55517927	0	1	0
55529479	0	1	0
55536861	0	3	0
55541439	0	1	0
55574899	0	1	0
55582380	0	4	0
55602830	0	1	0
55619915	0	1	0
55639413	0	1	0
55656489	0	1	0
55658373	0	1	0
55666411	0	3	0
55683028	0	1	0
55692306	0	1	0
55716147	0	1	0
55785252	0	2	0
55825897	0	4	0
55838323	0	1	0
55923769	0	1	0
55925154	0	3	0
55925852	0	1	0
55951762	0	1	0
55975136	0	2	0
56005471	0	3	0
56021342	0	0	1
56082946	0	1	0
56128194	0	1	0
56135401	0	1	0
56152823	0	2	0
56233305	0	1	0
56266531	0	2	0
56271212	0	3	0
56279874	0	1	0
56333895	0	1	0
56348058	0	1	0
56383408	0	1	0
56441074	0	1	0
56465751	0	1	0
56475059	0	1	0
56505043	0	1	0
56564194	0	1	0
56567830	0	1	0
56586934	0	1	0
56597589	0	5	0
56611192	0	1	0
56618143	0	2	0
56630030	0	2	0
56670665	0	1	0
56705254	0	1	0
56732062	0	2	0
56767630	0	1	0
56830352	0	1	0
56855556	0	1	0
56873136	0	1	0
56873289	0	1	0
56938436	0	3	0
56940005	0	1	0
56964465	0	4	0
56990551	0	1	0
57027711	0	1	0
57107366	0	1	0
57131918	0	1	0
57144094	0	1	0
57167800	0	1	0
57170317	0	1	0
57187864	0	2	0
57228535	0	3	0
57355442	0	1	0
57387593	0	1	0
57397909	0	1	0
57405607	0	2	0
57438031	0	1	0
57443517	0	1	0
57469913	0	0	1
57488590	0	1	0
57515382	0	4	0
57536451	0	1	0
57555048	0	1	0
57584963	0	2	0
57590057	0	1	0
57615502	0	2	0
57615560	0	1	0
57619865	0	2	0
57649680	0	1	0
57654615	0	1	0
57747006	0	1	0
57751729	0	1	0
57759041	0	1	0
57773140	0	11	0
57800575	0	3	0
57831308	0	5	0
57979390	0	1	0
57993598	0	2	0
58059896	0	2	0
58111940	0	1	0
58114027	0	1	0
58152331	0	1	0
58154676	0	1	0
58158080	0	1	0
58229853	0	1	0
58253931	0	1	0
58327537	0	2	0
58351472	0	8	0
58369265	0	4	0
58441364	0	2	0
58460628	0	3	0
58562426	0	1	0
58575258	0	1	0
58685394	0	1	0
58695472	0	2	0
58739165	0	1	0
58761403	0	1	0
58769618	0	1	0
58785803	0	1	0
58790901	0	1	0
58835608	0	1	0
58845471	0	1	0
58886628	0	2	0
58892044	0	2	0
59001939	0	1	0
59005196	0	1	0
59014155	0	2	0
59015516	0	1	0
59046625	0	2	0
59080688	0	1	0
59090642	0	2	0
59117267	0	1	0
59122763	0	2	0
59132300	0	2	0
59133843	0	1	0
59165942	0	1	0
59220214	0	5	0
59222570	0	1	0
59367185	0	2	0
59390908	0	1	0
59407370	0	1	0
59466023	0	1	0
59487394	0	1	0
59489644	0	1	0
59496560	0	1	0
59526714	0	1	0
59534093	0	1	0
59557772	0	1	0
59668547	0	1	0
59668560	0	1	0
59696086	0	1	0
59709499	0	2	0
59730255	0	1	0
59778852	0	5	0
59787659	0	1	0
59795217	0	1	0
59800891	0	1	0
59856038	0	4	0
59957390	0	1	0
60091875	0	2	0
60101492	0	1	0
60110200	0	1	0
60116363	0	3	0
60137835	0	0	1
60161093	0	3	0
60229363	0	3	0
60267511	0	1	0
60303731	0	1	0
60325112	0	1	0
60325126	0	1	0
60366064	0	1	0
60368077	0	2	0
60386134	0	1	0
60418601	0	2	0
60450607	0	1	0
60459588	0	1	0
60463374	0	1	0
60487305	0	1	0
60495532	0	1	0
60510338	0	1	0
60537488	0	1	0
60550671	0	1	0
60639318	0	2	0
60666805	0	2	0
60678408	0	2	0
60796446	0	2	0
60836236	0	1	0
60844371	0	3	0
60858588	0	2	0
60874072	0	1	0
60898416	0	1	0
60900829	0	2	0
60930209	0	1	0
61014880	0	2	0
61084805	0	1	0
61099390	0	2	0
61195546	0	2	0
61225439	0	4	0
61234515	0	2	0
61289942	0	1	0
61380698	0	1	0
61508481	0	1	0
61522249	0	1	0
61525831	0	5	0
61583115	0	1	0
61604767	0	2	0
61612486	0	5	0
61623837	0	1	0
61634006	0	1	0
61661245	0	1	0
61679536	0	3	0
61738512	0	1	0
61790572	0	1	0
61815212	0	2	0
61842123	0	1	0
61858529	0	3	0
61859376	0	2	0
61888306	0	1	0
61890315	0	2	0
61892069	0	1	0
61936896	0	1	0
61958682	0	3	0
62112877	0	4	0
62147967	0	2	0
62195944	0	1	0
62199706	0	1	0
62208161	0	1	0
62273778	0	1	0
62277294	0	2	0
62296481	0	3	0
62336394	0	1	0
62348813	0	1	0
62421228	0	1	0
62431432	0	5	0
62497081	0	1	0
62513210	0	1	0
62521783	0	1	0
62532289	0	1	0
62569540	0	1	0
62627677	0	1	0
62632075	0	1	0
62750282	0	2	0
62785528	0	1	0
62795357	0	1	0
62845351	0	2	0
62918546	0	1	0
63020084	0	1	0
63026777	0	1	0
63075892	0	1	0
63096961	0	1	0
63105693	0	1	0
63170373	0	1	0
63210126	0	10	0
63232934	0	0	1
63250580	0	3	0
63253628	0	5	0
63276224	0	1	0
63297892	0	2	0
63317032	0	0	1
63333618	0	3	0
63399721	0	1	0
63437332	0	3	0
63495464	0	1	0
63561747	0	2	0
63573719	0	1	0
63642290	0	2	0
63659607	0	3	0
63659922	0	2	0
63726563	0	1	0
63750191	0	1	0
63784593	0	1	0
63808850	0	6	0
63870034	0	2	0
64088833	0	2	0
64089967	0	1	0
64106323	0	1	0
64110672	0	1	0
64116359	0	1	0
64143963	0	1	0
64153755	0	1	0
64177748	0	1	0
64191806	0	2	0
64234367	0	1	0
64237757	0	1	0
64265809	0	2	0
64288977	0	2	0
64322050	0	1	0
64340916	0	4	0
64434562	0	1	0
64447177	0	1	0
64466224	0	1	0
64508907	0	1	0
64538738	0	1	0
64562861	0	1	0
64568710	0	1	0
64582604	0	1	0
64629298	0	2	0
64630883	0	2	0
64637574	0	1	0
64649394	0	3	0
64689621	0	2	0
64697268	0	2	0
64700234	0	2	0
64716396	0	1	0
64789238	0	1	0
64815746	0	4	0
64831273	0	1	0
64905709	0	1	0
64906389	0	1	0
64961291	0	1	0
64998417	0	1	0
65001908	0	1	0
65003537	0	1	0
65041686	0	1	0
65052160	0	1	0
65112672	0	1	0
65133459	0	2	0
65139658	0	1	0
65143017	0	2	0
65161586	0	4	0
65255813	0	1	0
65281402	0	1	0
65313611	0	1	0
65393260	0	1	0
65495973	0	2	0
65511519	0	1	0
65525755	0	1	0
65527241	0	1	0
65668685	0	6	0
65678442	0	1	0
65691243	0	2	0
65701954	0	1	0
65721642	0	7	0
65727581	0	1	0
65787938	0	2	0
65842047	0	3	0
65895653	0	1	0
65963909	0	1	0
66047573	0	2	0
66082273	0	2	0
66128129	0	1	0
66142577	0	2	0
66157504	0	1	0
66210203	0	1	0
66258536	0	1	0
66306072	0	1	0
66330657	0	1	0
66343064	0	1	0
66354501	0	1	0
66373600	0	1	0
66435815	0	1	0
66455998	0	0	1
66499110	0	1	0
66530627	0	1	0
66534763	0	1	0
66542771	0	1	0
66546698	0	2	0
66564118	0	1	0
66565035	0	2	0
66638724	0	1	0
66644764	0	1	0
66706375	0	1	0
66761196	0	3	0
66762027	0	1	0
66831385	0	3	0
66872315	0	1	0
66895251	0	2	0
66895872	0	1	0
66897081	0	1	0
66913278	0	1	0
66919883	0	2	0
66937298	0	1	0
66941670	0	1	0
66994195	0	1	0
67032232	0	1	0
67070627	0	1	0
67086104	0	2	0
67103499	0	3	0
67143221	0	1	0
67161574	0	1	0
67203380	0	2	0
67210137	0	1	0
67245509	0	1	0
67247388	0	3	0
67315910	0	3	0
67316338	0	1	0
67321222	0	1	0
67347044	0	2	0
67355044	0	1	0
67355109	0	1	0
67374566	0	2	0
67496501	0	1	0
67497521	0	1	0
67709424	0	1	0
67843393	0	1	0
67875149	0	3	0
67903274	0	1	0
67921835	0	2	0
67929042	0	1	0
67946036	0	1	0
67995441	0	2	0
67999523	0	1	0
67999975	0	0	1
68008757	0	1	0
68118293	0	3	0
68131945	0	1	0
68228775	0	1	0
68280992	0	1	0
68290911	0	2	0
68301117	0	3	0
68327557	0	1	0
68339368	0	1	0
68411096	0	3	0
68506489	0	2	0
68610847	0	5	0
68625806	0	2	0
68664893	0	1	0
68722971	0	3	0
68733644	0	1	0
68738846	0	2	0
68784761	0	1	0
68786564	0	4	0
68872954	0	1	0
68884383	0	2	0
68928450	0	1	0
68938919	0	5	0
68973647	0	1	0
68978384	0	1	0
69002824	0	1	0
69004826	0	1	0
69023665	0	1	0
69032987	0	3	0
69062752	0	1	0
69112542	0	3	0
69174367	0	1	0
69201204	0	3	0
69208914	0	1	0
69242396	0	1	0
69310671	0	1	0
69330358	0	1	0
69389690	0	1	0
69496800	0	2	0
69506209	0	1	0
69735843	0	1	0
69736261	0	4	0
69767767	0	3	0
69808778	0	1	0
69880729	0	1	0
69906808	0	2	0
69940902	0	1	0
69943652	0	3	0
69995601	0	1	0
70004316	0	1	0
70009222	0	1	0
70080768	0	3	0
70086923	0	1	0
70120385	0	2	0
70132018	0	2	0
70284789	0	9	0
70353365	0	1	0
70356505	0	2	0
70389456	0	1	0
70406916	0	1	0
70425127	0	1	0
70448671	0	2	0
70459060	0	1	0
70460959	0	2	0
70487378	0	1	0
70510615	0	1	0
70535573	0	3	0
70571033	0	1	0
70643552	0	1	0
70654062	0	1	0
70677956	0	1	0
70681079	0	1	0
70683805	0	2	0
70689362	0	1	0
70689544	0	1	0
70736372	0	1	0
70739925	0	1	0
70784818	0	2	0
70796261	0	2	0
70843029	0	1	0
70964866	0	1	0
70971463	0	1	0
70977109	0	1	0
71001024	0	1	0
71014883	0	1	0
71037059	0	1	0
71054621	0	3	0
71061389	0	1	0
71079206	0	1	0
71110246	0	1	0
71132733	0	1	0
71133204	0	1	0
71140898	0	1	0
71221308	0	1	0
71229409	0	1	0
71242874	0	1	0
71346658	0	1	0
71381428	0	2	0
71391609	0	1	0
71444491	0	1	0
71458361	0	1	0
71577124	0	1	0
71578582	0	1	0
71679962	0	1	0
71777080	0	1	0
71790991	0	4	0
71950941	0	2	0
71988731	0	1	0
71994277	0	3	0
72018735	0	1	0
72049006	0	3	0
72055343	0	0	1
72070377	0	5	0
72109887	0	2	0
72123000	0	1	0
72140810	0	1	0
72141125	0	1	0
72145727	0	1	0
72153739	0	1	0
72161716	0	1	0
72164868	0	1	0
72176254	0	2	0
72268460	0	1	0
72285792	0	5	0
72299100	0	3	0
72306473	0	1	0
72331374	0	2	0
72381759	0	2	0
72408202	0	4	0
72423292	0	2	0
72523354	0	2	0
72641522	0	2	0
72705884	0	1	0
72741804	0	2	0
72742400	0	1	0
72745575	0	1	0
72803685	0	1	0
72827345	0	2	0
72857576	0	1	0
72858748	0	1	0
72862070	0	1	0
72866980	0	4	0
72871949	0	1	0
72925234	0	1	0
72954148	0	1	0
73025922	0	1	0
73094195	0	2	0
73204053	0	1	0
73218860	0	2	0
73351173	0	1	0
73377717	0	1	0
73457636	0	5	0
73526222	0	1	0
73531086	0	1	0
73549155	0	4	0
73568669	0	1	0
73602258	0	2	0
73615585	0	1	0
73642061	0	0	1
73646334	0	1	0
73694056	0	1	0
73702377	0	1	0
73728422	0	2	0
73792349	0	1	0
73830694	0	2	0
73868895	0	1	0
73901630	0	2	0
73902292	0	2	0
73978035	0	1	0
74008740	0	2	0
74014751	0	1	0
74041855	0	4	0
74060088	0	1	0
74064416	0	1	0
74096944	0	2	0
74107873	0	2	0
74180248	0	4	0
74203637	0	1	0
74244447	0	0	1
74281571	0	2	0
74289924	0	1	0
74290851	0	1	0
74346677	0	1	0
74427828	0	1	0
74487952	0	1	0
74493245	0	1	0
74599353	0	5	0
74616480	0	3	0
74628199	0	2	0
74635725	0	2	0
74658836	0	1	0
74691150	0	1	0
74694833	0	1	0
74769190	0	1	0
74791919	0	2	0
74793678	0	4	0
74825435	0	1	0
74830315	0	3	0
74848426	0	1	0
74855924	0	1	0
74872373	0	1	0
74909766	0	1	0
75022632	0	1	0
75068296	0	2	0
75102397	0	2	0
75123274	0	1	0
75169643	0	0	1
75201807	0	5	0
75205690	0	4	0
75206395	0	9	0
75209183	0	5	0
75234355	0	1	0
75242843	0	5	0
75255516	0	1	0
75260611	0	1	0
75298003	0	5	0
75321215	0	1	0
75377539	0	1	0
75427629	0	1	0
75441886	0	1	0
75508707	0	1	0
75512499	0	1	0
75569579	0	4	0
75624038	0	1	0
75628682	0	2	0
75670489	0	1	0
75675732	0	1	0
75743295	0	1	0
75785323	0	1	0
75810873	0	1	0
75900822	0	1	0
75925701	0	3	0
75965974	0	2	0
76056396	0	1	0
76084479	0	1	0
76117036	0	1	0
76177948	0	1	0
76219132	0	2	0
76253858	0	1	0
76410294	0	1	0
76450167	0	1	0
76463538	0	1	0
76510649	0	1	0
76514648	0	1	0
76614139	0	1	0
76622171	0	1	0
76630538	0	2	0
76673540	0	1	0
76684592	0	5	0
76703057	0	4	0
76752638	0	1	0
76772621	0	1	0
76781768	0	1	0
76806710	0	1	0
76832848	0	1	0
76835977	0	1	0
76902742	0	1	0
76925740	0	3	0
76936945	0	1	0
76969830	0	3	0
77000582	0	1	0
77027167	0	2	0
77034478	0	1	0
77044584	0	0	1
77094853	0	1	0
77097995	0	1	0
77133913	0	4	0
77163146	0	3	0
77178294	0	1	0
77205144	0	1	0
77236903	0	1	0
77316043	0	1	0
77344682	0	2	0
77380168	0	1	0
77424377	0	3	0
77424404	0	1	0
77424406	0	2	0
77424409	0	1	0
77441145	0	1	0
77443905	0	1	0
77514541	0	1	0
77629170	0	1	0
77640262	0	2	0
77645908	0	2	0
77662656	0	5	0
77691757	0	1	0
77696234	0	1	0
77708139	0	1	0
77734965	0	2	0
77750902	0	1	0
77805894	0	0	1
77900233	0	1	0
77926719	0	1	0
77936620	0	2	0
77940884	0	5	0
77974085	0	3	0
78005979	0	0	1
78008474	0	4	0
78076739	0	1	0
78131040	0	1	0
78249817	0	1	0
78277126	0	1	0
78370735	0	4	0
78403859	0	1	0
78416046	0	1	0
78419904	0	1	0
78451463	0	2	0
78475193	0	1	0
78475359	0	1	0
78475430	0	1	0
78475438	0	1	0
78475457	0	1	0
78475461	0	1	0
78475472	0	1	0
78475476	0	1	0
78498975	0	1	0
78524406	0	7	0
78530018	0	1	0
78640305	0	2	0
78700557	0	1	0
78733374	0	1	0
78801617	0	1	0
78803536	0	2	0
78836428	0	6	0
78894501	0	1	0
78905792	0	1	0
79009203	0	1	0
79017779	0	2	0
79116931	0	1	0
79153818	0	1	0
79234163	0	1	0
79247355	0	1	0
79280415	0	2	0
79310324	0	1	0
79372434	0	1	0
79386174	0	1	0
79388799	0	1	0
79474177	0	1	0
79486558	0	1	0
79521275	0	1	0
79525692	0	3	0
79527466	0	1	0
79527957	0	1	0
79537295	0	1	0
79552128	0	5	0
79555099	0	1	0
79679661	0	1	0
79682785	0	1	0
79690916	0	1	0
79711202	0	1	0
79727966	0	1	0
79740705	0	1	0
79824472	0	1	0
79848895	0	1	0
79889590	0	1	0
79917880	0	1	0
79977479	0	3	0
80005144	0	2	0
80093173	0	1	0
80245989	0	1	0
80245990	0	3	0
80260835	0	1	0
80318637	0	1	0
80343231	0	2	0
80355981	0	1	0
80359875	0	1	0
80373220	0	1	0
80410989	0	3	0
80436581	0	1	0
80489815	0	0	1
80492737	0	1	0
80515654	0	1	0
80517043	0	1	0
80529567	0	3	0
80553919	0	3	0
80592186	0	1	0
80597801	0	2	0
80602419	0	1	0
80669174	0	1	0
80693912	0	1	0
80790797	0	1	0
80833265	0	1	0
80854788	0	1	0
80892772	0	1	0
80904472	0	1	0
80904976	0	1	0
81031454	0	1	0
81080766	0	3	0
81100706	0	1	0
81113016	0	1	0
81165383	0	1	0
81199651	0	1	0
81214838	0	2	0
81249250	0	3	0
81250809	0	1	0
81279829	0	2	0
81298062	0	1	0
81364578	0	3	0
81374423	0	1	0
81418478	0	1	0
81431094	0	0	1
81465604	0	1	0
81477412	0	2	0
81480702	0	2	0
81480703	0	1	0
81495697	0	1	0
81499566	0	1	0
81541856	0	2	0
81564075	0	1	0
81631004	0	1	0
81670163	0	2	0
81711000	0	1	0
81718008	0	2	0
81719304	0	1	0
81720667	0	0	1
81784768	0	1	0
81822068	0	1	0
81836794	0	1	0
81886818	0	1	0
81905953	0	1	0
81948285	0	1	0
81949718	0	2	0
81966494	0	0	1
82024158	0	1	0
82118477	0	1	0
82132050	0	1	0
82237847	0	1	0
82257952	0	4	0
82263978	0	1	0
82361152	0	8	0
82396931	0	2	0
82418688	0	7	0
82441354	0	1	0
82608804	0	3	0
82648906	0	1	0
82664252	0	1	0
82717841	0	1	0
82736264	0	2	0
82798861	0	1	0
82830183	0	1	0
82845892	0	1	0
82859554	0	3	0
82914248	0	1	0
82964898	0	1	0
83017576	0	2	0
83066737	0	1	0
83069667	0	2	0
83113488	0	1	0
83193740	0	1	0
83211224	0	2	0
83215758	0	2	0
83269179	0	4	0
83351290	0	3	0
83373704	0	1	0
83376528	0	1	0
83377836	0	3	0
83389477	0	1	0
83537060	0	1	0
83554314	0	2	0
83629192	0	1	0
83639950	0	1	0
83666576	0	1	0
83669407	0	1	0
83681614	0	1	0
83740256	0	1	0
83777619	0	1	0
83855539	0	2	0
83877869	0	1	0
83884303	0	1	0
83904591	0	2	0
83923434	0	3	0
84010713	0	1	0
84036143	0	1	0
84094001	0	2	0
84177559	0	1	0
84297794	0	1	0
84321915	0	1	0
84424035	0	2	0
84471050	0	1	0
84565753	0	2	0
84585951	0	1	0
84699482	0	1	0
84702613	0	1	0
84727866	0	1	0
84766108	0	1	0
84834365	0	1	0
84852083	0	1	0
84915085	0	3	0
84931052	0	5	0
84935770	0	1	0
85003213	0	1	0
85011900	0	1	0
85016841	0	5	0
85053297	0	1	0
85220837	0	1	0
85251250	0	2	0
85318207	0	3	0
85383471	0	1	0
85386553	0	4	0
85389639	0	1	0
85496681	0	1	0
85631826	0	2	0
85644808	0	2	0
85649474	0	1	0
85652649	0	1	0
85654650	0	1	0
85675574	0	1	0
85704043	0	1	0
85720962	0	1	0
85730412	0	1	0
85789495	0	2	0
85897157	0	6	0
85907910	0	1	0
85982586	0	1	0
85987564	0	7	0
86031886	0	1	0
86169364	0	8	0
86235806	0	1	0
86340009	0	1	0
86342789	0	1	0
86518143	0	1	0
86550166	0	1	0
86587427	0	1	0
86592150	0	1	0
86597658	0	1	0
86620539	0	0	1
86695373	0	1	0
86707556	0	1	0
86728615	0	1	0
86780206	0	2	0
86805345	0	1	0
86818688	0	1	0
86912989	0	2	0
86978386	0	6	0
86978646	0	0	1
86986194	0	1	0
87015598	0	1	0
87085690	0	1	0
87142658	0	1	0
87198767	0	1	0
87240101	0	1	0
87306949	0	1	0
87384326	0	1	0
87409176	0	1	0
87427067	0	1	0
87447235	0	1	0
87683933	0	1	0
87755711	0	1	0
87757466	0	3	0
87773401	0	1	0
87776153	0	1	0
87778955	0	1	0
87821212	0	2	0
87878327	0	6	0
87892994	0	1	0
87894532	0	1	0
87905899	0	2	0
88087675	0	1	0
88148049	0	1	0
88295562	0	1	0
88295948	0	1	0
88342582	0	2	0
88360734	0	1	0
88363202	0	2	0
88363816	0	1	0
88407408	0	1	0
88485713	0	1	0
88488704	0	2	0
88506175	0	1	0
88585019	0	1	0
88686889	0	1	0
88804378	0	1	0
88807888	0	0	1
88837061	0	1	0
88898584	0	1	0
88974332	0	1	0
88988564	0	2	0
89035813	0	1	0
89172731	0	2	0
89237666	0	1	0
89326706	0	1	0
89362248	0	3	0
89371053	0	1	0
89389002	0	5	0
89423737	0	1	0
89438830	0	1	0
89450132	0	3	0
89472915	0	2	0
89517350	0	1	0
89583183	0	1	0
89597745	0	1	0
89621285	0	1	0
89688526	0	1	0
89691727	0	1	0
89775905	0	2	0
89779063	0	3	0
89795028	0	1	0
89842931	0	1	0
90014030	0	1	0
90236607	0	5	0
90362177	0	1	0
90466059	0	1	0
90515350	0	1	0
90557833	0	1	0
90598484	0	1	0
90754652	0	1	0
90791883	0	1	0
90862859	0	1	0
90873619	0	1	0
90882158	0	1	0
90970082	0	1	0
91000464	0	2	0
91017803	0	1	0
91077082	0	1	0
91090223	0	1	0
91116292	0	2	0
91142159	0	1	0
91164563	0	3	0
91220624	0	1	0
91317405	0	1	0
91411621	0	3	0
91515178	0	1	0
91583768	0	2	0
91628064	0	2	0
91703152	0	1	0
91733810	0	2	0
91742416	0	1	0
91742566	0	2	0
91768683	0	7	0
91780676	0	5	0
91882482	0	1	0
92138404	0	1	0
92161278	0	3	0
92247022	0	2	0
92280305	0	1	0
92324072	0	1	0
92481882	0	1	0
92483117	0	1	0
92483238	0	1	0
92567633	0	5	0
92609054	0	1	0
92709758	0	2	0
92747687	0	1	0
92814277	0	1	0
92856173	0	1	0
92915161	0	1	0
93032567	0	1	0
93065173	0	1	0
93072863	0	1	0
93198197	0	1	0
93236255	0	1	0
93241237	0	2	0
93246550	0	1	0
93286073	0	1	0
93322312	0	2	0
93370669	0	2	0
93384463	0	2	0
93504106	0	1	0
93568272	0	1	0
93609267	0	1	0
93609960	0	1	0
93622776	0	8	0
93635223	0	1	0
93675292	0	2	0
93730900	0	1	0
93764190	0	2	0
93769501	0	1	0
93946668	0	1	0
93966682	0	1	0
94082129	0	1	0
94133535	0	1	0
94229994	0	1	0
94282365	0	1	0
94323318	0	1	0
94421365	0	1	0
94492098	0	3	0
94511697	0	0	1
94539833	0	2	0
94561329	0	2	0
94622043	0	2	0
94658252	0	4	0
94673436	0	1	0
94747090	0	3	0
94751181	0	2	0
94798541	0	2	0
94803564	0	6	0
94841528	0	1	0
94869424	0	1	0
94874147	0	1	0
94956402	0	1	0
94969527	0	2	0
94976898	0	2	0
95072124	0	1	0
95150839	0	1	0
95324463	0	10	0
95371338	0	1	0
95392909	0	1	0
95474846	0	1	0
95543405	0	1	0
95601686	0	4	0
95653440	0	1	0
95673986	0	1	0
95787340	0	1	0
95843692	0	2	0
95949853	0	1	0
96155184	0	1	0
96179253	0	1	0
96266882	0	1	0
96269381	0	1	0
96322945	0	1	0
96363358	0	1	0
96374611	0	1	0
96380083	0	2	0
96384632	0	1	0
96402603	0	0	1
96402668	0	0	1
96402707	0	0	1
96497408	0	2	0
96532125	0	1	0
96592544	0	1	0
96639341	0	2	0
96861767	0	1	0
97044661	0	1	0
97073334	0	0	1
97073503	0	0	1
97140953	0	1	0
97171169	0	1	0
97362924	0	2	0
97383724	0	2	0
97465506	0	2	0
97472191	0	1	0
97486905	0	1	0
97506382	0	1	0
97550888	0	2	0
97552456	0	2	0
97568045	0	1	0
97739453	0	2	0
97780471	0	3	0
97785891	0	2	0
97918897	0	1	0
98039730	0	2	0
98144306	0	1	0
98177849	0	1	0
98375305	0	1	0
98729254	0	1	0
98766956	0	4	0
98820353	0	1	0
98833677	0	1	0
98904467	0	1	0
98941988	0	1	0
99021053	0	1	0
99085569	0	1	0
99187425	0	2	0
99208787	0	1	0
99330206	0	2	0
99435985	0	1	0
99477640	0	2	0
99635331	0	1	0
99684691	0	1	0
99685195	0	1	0
99696014	0	1	0
99715991	0	1	0
99878759	0	1	0
99948190	0	0	1
100050047	0	1	0
100182891	0	1	0
100209902	0	1	0
100250190	0	1	0
100335759	0	1	0
100411829	0	1	0
100472368	0	1	0
100517792	0	3	0
100569391	0	1	0
100630359	0	1	0
100669282	0	3	0
100694891	0	1	0
100772922	0	2	0
100831632	0	1	0
100886479	0	2	0
100886856	0	1	0
101202377	0	1	0
101221235	0	1	0
101304512	0	1	0
101337197	0	1	0
101448179	0	1	0
101518252	0	1	0
101531042	0	1	0
101545389	0	1	0
101550486	0	1	0
101607873	0	1	0
101847390	0	3	0
101881534	0	3	0
102128081	0	2	0
102297666	0	1	0
102578552	0	1	0
102685684	0	2	0
102744452	0	2	0
102964759	0	3	0
103046202	0	1	0
103179545	0	1	0
103212156	0	1	0
103251661	0	1	0
103332698	0	2	0
103336360	0	1	0
103366159	0	0	1
103409169	0	1	0
103509802	0	1	0
103678060	0	4	0
103945001	0	1	0
104158355	0	1	0
104248230	0	1	0
104302606	0	2	0
104419225	0	2	0
104530397	0	1	0
104683940	0	2	0
104684159	0	2	0
104692903	0	1	0
104839470	0	1	0
104999194	0	1	0
105057238	0	4	0
105327413	0	2	0
105474176	0	1	0
105543304	0	1	0
105743483	0	1	0
105756301	0	2	0
105760945	0	2	0
105899603	0	8	0
105972804	0	1	0
106268616	0	2	0
106367877	0	1	0
106414046	0	8	0
106449183	0	3	0
106621669	0	1	0
106694697	0	2	0
106712174	0	1	0
106998068	0	1	0
107068699	0	1	0
107199349	0	1	0
107318056	0	1	0
107379802	0	1	0
107466766	0	3	0
107552961	0	1	0
107564198	0	1	0
107700981	0	4	0
107758601	0	1	0
107865139	0	1	0
107935789	0	1	0
108012961	0	2	0
108015980	0	1	0
108020047	0	1	0
108350347	0	0	1
108390393	0	1	0
108438516	0	1	0
108517793	0	1	0
108583340	0	1	0
108645251	0	1	0
108848048	0	0	1
108853785	0	0	1
108993563	0	1	0
109000229	0	3	0
109041137	0	2	0
109068620	0	2	0
109243339	0	2	0
109360003	0	1	0
109416998	0	1	0
109591618	0	0	1
109855264	0	1	0
109856695	0	1	0
109869141	0	1	0
109931312	0	1	0
110051110	0	2	0
110067682	0	1	0
110078575	0	1	0
110160998	0	2	0
110226237	0	1	0
110240589	0	2	0
110347006	0	1	0
110354711	0	2	0
110760193	0	1	0
110917886	0	2	0
110979438	0	1	0
111189731	0	1	0
111197204	0	1	0
111243949	0	1	0
111254038	0	2	0
111304035	0	1	0
111383251	0	1	0
111532577	0	4	0
111532627	0	1	0
111556380	0	2	0
111953851	0	1	0
111995010	0	4	0
112052656	0	1	0
112068461	0	1	0
112143250	0	1	0
112151557	0	1	0
112360938	0	2	0
112587324	0	1	0
112618334	0	1	0
112773264	0	2	0
112885527	0	1	0
113006150	0	1	0
113119866	0	4	0
113144901	0	2	0
113224531	0	1	0
113256039	0	1	0
113322799	0	2	0
113431835	0	1	0
113688021	0	1	0
113841524	0	1	0
113874669	0	1	0
113910080	0	2	0
113980517	0	3	0
114023741	0	1	0
114057600	0	1	0
114120513	0	1	0
114167339	0	1	0
114171167	0	1	0
114228643	0	1	0
114233437	0	1	0
114240218	0	2	0
114250947	0	1	0
114287167	0	2	0
114306104	0	1	0
114405873	0	2	0
114552206	0	1	0
114659979	0	1	0
114665248	0	1	0
114728171	0	1	0
114825586	0	1	0
114833821	0	6	0
114966344	0	1	0
115042944	0	1	0
115042954	0	1	0
115042994	0	1	0
115043000	0	1	0
115043002	0	1	0
115073944	0	1	0
115334646	0	1	0
115466900	0	3	0
115797918	0	2	0
115871354	0	1	0
115973341	0	1	0
115986995	0	1	0
116018447	0	3	0
116018449	0	1	0
116093911	0	1	0
116182622	0	1	0
116319873	0	4	0
116396652	0	1	0
116562197	0	2	0
116770515	0	2	0
116977283	0	1	0
117023767	0	2	0
117307524	0	9	0
117312812	0	3	0
117401546	0	3	0
117512399	0	9	0
117733645	0	1	0
117877285	0	1	0
118001618	0	1	0
118028234	0	3	0
118334034	0	1	0
118630588	0	2	0
118635486	0	1	0
118771881	0	1	0
118874436	0	3	0
118980051	0	1	0
119032609	0	4	0
119034919	0	2	0
119161975	0	3	0
119182184	0	1	0
119336320	0	3	0
119499356	0	2	0
120015873	0	1	0
120096553	0	1	0
120289024	0	1	0
120298191	0	1	0
120366382	0	4	0
120527133	0	2	0
120555503	0	2	0
120576208	0	1	0
120637972	0	1	0
120736824	0	5	0
120988700	0	2	0
121025100	0	1	0
121253787	0	1	0
121319018	0	3	0
121337637	0	2	0
121799324	0	3	0
122196049	0	6	0
122669816	0	1	0
122733141	0	3	0
122812042	0	1	0
122940758	0	4	0
122995885	0	0	1
122995965	0	0	1
123138734	0	3	0
123192236	0	1	0
123433971	0	2	0
123732335	0	1	0
123897977	0	1	0
123956557	0	3	0
124047982	0	1	0
124187846	0	1	0
124345937	0	1	0
124365900	0	1	0
124378393	0	1	0
124614991	0	0	1
125011221	0	1	0
125011232	0	2	0
125011396	0	1	0
125281431	0	1	0
125453462	0	2	0
125970060	0	1	0
125980304	0	0	1
126261685	0	1	0
126425397	0	1	0
126470378	0	2	0
126625091	0	2	0
126647703	0	7	0
127022966	0	0	1
127140130	0	1	0
127228271	0	1	0
127461717	0	4	0
127676684	0	2	0
127773839	0	3	0
127816495	0	1	0
127969466	0	1	0
128163811	0	2	0
128213314	0	1	0
128295669	0	1	0
128898430	0	2	0
128908040	0	1	0
129384038	0	2	0
129550643	0	0	1
129930994	0	3	0
130186903	0	2	0
130262263	0	1	0
130289727	0	1	0
130295395	0	1	0
130536858	0	3	0
130639690	0	1	0
130661144	0	3	0
130838524	0	1	0
130953375	0	1	0
131183715	0	3	0
131348311	0	4	0
131455247	0	2	0
131651689	0	1	0
131899658	0	3	0
131909258	0	1	0
131919195	0	2	0
132361333	0	1	0
132399915	0	2	0
132572870	0	4	0
132646638	0	1	0
132698057	0	5	0
132708338	0	1	0
132809354	0	1	0
132890370	0	6	0
133047302	0	8	0
133236824	0	11	0
133304100	0	1	0
133591487	0	1	0
133631658	0	3	0
133785614	0	1	0
134237786	0	1	0
134509390	0	1	0
134908276	0	2	0
134999939	0	2	0
135198452	0	3	0
135808736	0	0	1
135863806	0	1	0
136358802	0	4	0
136358878	0	3	0
136358982	0	2	0
136358988	0	1	0
136358989	0	1	0
136358991	0	1	0
136358993	0	1	0
136359007	0	1	0
136370628	0	1	0
136370686	0	1	0
137905685	0	1	0
138285581	0	4	0
138334491	0	2	0
138347287	0	2	0
138723612	0	2	0
138858425	0	1	0
138871275	0	1	0
139041725	0	3	0
139094783	0	1	0
139307735	0	2	0
139753821	0	1	0
140065315	0	1	0
140404398	0	1	0
140633851	0	2	0
141192082	0	1	0
141907505	0	1	0
142309148	0	2	0
142411294	0	2	0
142664503	0	2	0
142837876	0	1	0
143062816	0	1	0
143125549	0	1	0
143733779	0	1	0
144648018	0	1	0
145734139	0	1	0
146031559	0	1	0
146214810	0	3	0
146894727	0	4	0
147882817	0	3	0
148182716	0	1	0
148495800	0	1	0
148724419	0	1	0
149065431	0	1	0
149256390	0	2	0
150082517	0	0	1
150773179	0	1	0
151421966	0	2	0
151646288	0	1	0
151646294	0	1	0
151703228	0	3	0
151997619	0	2	0
152588372	0	1	0
153107765	0	2	0
153674736	0	1	0
154738443	0	1	0
156970985	0	1	0
158915432	0	1	0
161353982	0	1	0
162098135	0	0	1
162216316	0	2	0
162597153	0	3	0
162849532	0	1	0
163251081	0	2	0
163433400	0	2	0
164584543	0	2	0
164811210	0	2	0

