## htsjdk.samtools.metrics.StringHeader
# CollectInsertSizeMetrics --Histogram_FILE /dev/null --MINIMUM_PCT 0.0 --INCLUDE_DUPLICATES true --INPUT 260629_Emseq_LV_index_C2_Bap1_Math1_adult_ctrl_F2_S7.good_mapq --OUTPUT 260629_Emseq_LV_index_C2_Bap1_Math1_adult_ctrl_F2_S7.good_mapq.insert_size_metrics.txt --VALIDATION_STRINGENCY SILENT --DEVIATIONS 10.0 --METRIC_ACCUMULATION_LEVEL ALL_READS --ASSUME_SORTED true --STOP_AFTER 0 --VERBOSITY INFO --QUIET false --COMPRESSION_LEVEL 5 --MAX_RECORDS_IN_RAM 500000 --CREATE_INDEX false --CREATE_MD5_FILE false --help false --version false --showHidden false --USE_JDK_DEFLATER false --USE_JDK_INFLATER false
## htsjdk.samtools.metrics.StringHeader
# Started on: Thu Jul 30 08:25:38 PDT 2026

## METRICS CLASS	picard.analysis.InsertSizeMetrics
MEDIAN_INSERT_SIZE	MODE_INSERT_SIZE	MEDIAN_ABSOLUTE_DEVIATION	MIN_INSERT_SIZE	MAX_INSERT_SIZE	MEAN_INSERT_SIZE	STANDARD_DEVIATION	READ_PAIRS	PAIR_ORIENTATION	WIDTH_OF_10_PERCENT	WIDTH_OF_20_PERCENT	WIDTH_OF_30_PERCENT	WIDTH_OF_40_PERCENT	WIDTH_OF_50_PERCENT	WIDTH_OF_60_PERCENT	WIDTH_OF_70_PERCENT	WIDTH_OF_80_PERCENT	WIDTH_OF_90_PERCENT	WIDTH_OF_95_PERCENT	WIDTH_OF_99_PERCENT	SAMPLE	LIBRARY	READ_GROUP
216	186	49	2	175796743	228.167454	76.669531	685600679	FR	19	39	59	79	99	123	149	183	245	319	467			
9343453	16077	9341164.5	2	190508651	22079616.791886	27920854.776448	8374	RF	10859873	18364243	18654751	18654907	18682315	25621533	55555705	89871933	140166791	181611671	256743337			
39429149.5	44467456	26265296	114152	128886980	45065094.45679	34047018.922767	162	TANDEM	14193895	26946081	35344135	43437643	52048715	61672339	71614677	83814965	110043211	124850429	175764949			

## HISTOGRAM	java.lang.Integer
insert_size	All_Reads.fr_count	All_Reads.rf_count	All_Reads.tandem_count
2	4635	1	0
3	4882	2	0
4	5368	1	0
5	5760	1	0
6	6083	0	0
7	5933	2	0
8	6510	0	0
9	7031	2	0
10	7648	0	0
11	7843	0	0
12	8408	0	0
13	9000	3	0
14	9613	2	0
15	10069	0	0
16	10769	0	0
17	11235	0	0
18	11671	2	0
19	12447	0	0
20	13013	0	0
21	13428	1	0
22	14171	1	0
23	14443	1	0
24	15310	2	0
25	15691	0	0
26	16323	0	0
27	16769	0	0
28	17452	0	0
29	17927	0	0
30	18641	1	0
31	18654	4	0
32	19297	1	0
33	20030	3	0
34	20219	2	0
35	21119	2	0
36	21072	4	0
37	21608	0	0
38	8248	0	0
39	7006	2	0
40	6916	0	0
41	7402	5	0
42	8243	0	0
43	8908	0	0
44	9417	0	0
45	10318	0	0
46	11016	3	0
47	11800	0	0
48	12192	0	0
49	13145	1	0
50	13998	0	0
51	14465	8	0
52	15396	5	0
53	16494	1	0
54	17462	0	0
55	17845	0	0
56	18046	1	0
57	18278	0	0
58	20447	3	0
59	20949	0	0
60	21430	0	0
61	21715	1	0
62	22551	0	0
63	23720	0	0
64	24574	0	0
65	25771	0	0
66	27124	3	0
67	28240	4	0
68	30079	2	0
69	32076	0	0
70	34748	0	0
71	35943	1	0
72	38218	2	0
73	40435	0	0
74	44187	0	0
75	50202	1	0
76	52926	0	0
77	57176	10	0
78	61372	0	0
79	66731	0	0
80	74600	0	0
81	79590	0	0
82	87334	0	0
83	94450	1	0
84	103808	1	0
85	114085	1	0
86	124693	0	0
87	137524	1	0
88	152744	1	0
89	167578	1	0
90	186360	0	0
91	206506	1	0
92	227953	0	0
93	249397	1	0
94	273435	0	0
95	298878	1	0
96	323163	0	0
97	350205	0	0
98	380154	1	0
99	411848	0	0
100	445323	0	0
101	480946	0	0
102	518090	0	0
103	555572	0	0
104	597057	1	0
105	637223	0	0
106	683984	0	0
107	725517	1	0
108	774131	0	0
109	821539	0	0
110	868402	0	0
111	922306	0	0
112	971856	0	0
113	1024146	1	0
114	1079433	1	0
115	1136210	0	0
116	1189830	0	0
117	1248740	0	0
118	1306355	0	0
119	1365987	2	0
120	1425325	0	0
121	1481661	1	0
122	1549227	0	0
123	1609454	0	0
124	1670440	0	0
125	1731681	0	0
126	1795265	0	0
127	1858165	3	0
128	1920113	1	0
129	1985424	1	0
130	2046602	0	0
131	2104449	0	0
132	2175608	2	0
133	2235890	0	0
134	2297242	1	0
135	2358504	0	0
136	2420652	0	0
137	2481867	2	0
138	2543417	0	0
139	2604856	2	0
140	2664571	0	0
141	2724777	1	0
142	2784727	0	0
143	2845571	0	0
144	2903579	0	0
145	2967272	0	0
146	3019718	0	0
147	3079336	1	0
148	3131519	0	0
149	3185232	0	0
150	3230904	1	0
151	3279856	2	0
152	3327533	0	0
153	3367821	3	0
154	3403196	0	0
155	3436278	0	0
156	3477858	1	0
157	3515121	1	0
158	3548411	0	0
159	3576178	0	0
160	3616017	0	0
161	3645939	0	0
162	3676132	0	0
163	3700811	4	0
164	3730339	1	0
165	3755786	1	0
166	3779554	0	0
167	3798635	0	0
168	3819415	0	0
169	3841772	0	0
170	3853672	1	0
171	3872313	0	0
172	3891798	0	0
173	3911027	0	0
174	3919824	1	0
175	3923145	2	0
176	3945184	0	0
177	3953505	1	0
178	3959175	0	0
179	3967605	0	0
180	3971387	2	0
181	3974577	0	0
182	3978873	0	0
183	3979793	0	0
184	3978603	1	0
185	3980947	0	0
186	3983239	0	0
187	3981652	1	0
188	3982212	0	0
189	3974102	0	0
190	3973200	1	0
191	3964534	1	0
192	3961858	0	0
193	3953785	1	0
194	3947375	2	0
195	3940441	0	0
196	3925580	1	0
197	3919622	2	0
198	3906735	1	0
199	3894426	0	0
200	3889768	1	0
201	3877120	0	0
202	3860608	2	0
203	3843861	0	0
204	3825667	1	0
205	3817089	0	0
206	3801161	0	0
207	3784447	0	0
208	3768321	0	0
209	3755782	1	0
210	3740651	0	0
211	3717293	0	0
212	3701177	0	0
213	3685141	0	0
214	3668017	0	0
215	3652632	0	0
216	3634149	0	0
217	3611637	0	0
218	3593421	0	0
219	3571010	3	0
220	3552509	0	0
221	3532783	3	0
222	3509146	0	0
223	3487777	0	0
224	3471153	5	0
225	3447012	0	0
226	3425814	0	0
227	3409889	1	0
228	3386961	1	0
229	3367876	0	0
230	3346479	1	0
231	3328265	0	0
232	3308440	0	0
233	3281460	0	0
234	3260728	0	0
235	3231347	7	0
236	3198043	2	0
237	3177385	5	0
238	3150909	0	0
239	3135464	0	0
240	3110752	0	0
241	3087734	6	0
242	3063236	0	0
243	3036282	1	0
244	3016387	0	0
245	2992492	0	0
246	2964815	0	0
247	2939998	0	0
248	2922842	3	0
249	2902968	2	0
250	2873757	0	0
251	2851248	0	0
252	2828464	3	0
253	2799579	0	0
254	2774121	0	0
255	2756871	0	0
256	2725536	0	0
257	2695457	2	0
258	2675350	1	0
259	2650359	0	0
260	2630657	0	0
261	2605399	0	0
262	2578023	0	0
263	2555657	0	0
264	2532551	4	0
265	2502894	0	0
266	2479974	1	0
267	2461397	0	0
268	2434794	1	0
269	2410994	0	0
270	2384962	3	0
271	2359115	0	0
272	2307707	2	0
273	2281868	3	0
274	2258897	2	0
275	2231781	0	0
276	2216870	0	0
277	2188315	0	0
278	2169494	0	0
279	2150651	2	0
280	2129185	0	0
281	2102945	0	0
282	2084916	0	0
283	2062839	0	0
284	2042201	0	0
285	2021780	0	0
286	2003301	1	0
287	1973392	0	0
288	1960664	1	0
289	1937449	0	0
290	1919438	0	0
291	1895450	1	0
292	1875426	0	0
293	1854474	1	0
294	1836155	0	0
295	1813596	0	0
296	1795287	0	0
297	1773849	0	0
298	1756526	0	0
299	1734865	1	0
300	1716344	0	0
301	1696870	0	0
302	1676918	4	0
303	1653733	0	0
304	1636254	0	0
305	1615845	0	0
306	1600810	1	0
307	1584081	5	0
308	1566864	0	0
309	1547750	0	0
310	1525863	3	0
311	1509426	0	0
312	1489415	1	0
313	1475050	0	0
314	1450240	0	0
315	1436443	2	0
316	1418593	5	0
317	1399297	2	0
318	1384661	3	0
319	1368862	3	0
320	1349089	0	0
321	1334371	0	0
322	1315200	0	0
323	1298079	0	0
324	1282749	3	0
325	1270195	3	0
326	1248544	1	0
327	1234359	0	0
328	1219785	3	0
329	1206262	0	0
330	1188119	0	0
331	1175762	0	0
332	1159022	0	0
333	1145177	0	0
334	1128660	0	0
335	1112756	0	0
336	1097754	1	0
337	1081097	0	0
338	1071929	1	0
339	1054879	0	0
340	1039818	0	0
341	1026224	5	0
342	1011840	0	0
343	1003486	0	0
344	985882	0	0
345	973693	0	0
346	961047	0	0
347	949233	2	0
348	934456	1	0
349	920909	0	0
350	906994	0	0
351	894196	0	0
352	879824	0	0
353	868670	0	0
354	857764	0	0
355	846139	0	0
356	835780	0	0
357	824325	0	0
358	809487	0	0
359	798780	1	0
360	786409	1	0
361	777416	1	0
362	761523	2	0
363	752481	2	0
364	740254	0	0
365	733136	0	0
366	716985	0	0
367	709573	0	0
368	698385	0	0
369	688422	0	0
370	677560	0	0
371	669820	0	0
372	658507	0	0
373	650133	0	0
374	636262	0	0
375	628166	3	0
376	620309	0	0
377	608441	1	0
378	598584	0	0
379	592022	0	0
380	581323	0	0
381	573179	0	0
382	562508	0	0
383	555208	0	0
384	546760	0	0
385	536979	0	0
386	528139	0	0
387	520461	1	0
388	510482	0	0
389	504574	0	0
390	494640	0	0
391	484667	0	0
392	479073	0	0
393	469152	3	0
394	463851	0	0
395	457115	0	0
396	446131	2	0
397	439143	1	0
398	430689	8	0
399	425130	0	0
400	417861	0	0
401	412224	0	0
402	404252	0	0
403	398113	0	0
404	389596	1	0
405	382517	1	0
406	376160	2	0
407	367377	0	0
408	363992	3	0
409	358060	0	0
410	350315	0	0
411	343820	0	0
412	337717	0	0
413	332349	0	0
414	324251	1	0
415	320029	0	0
416	313945	0	0
417	308679	0	0
418	304025	0	0
419	295895	2	0
420	292414	2	0
421	286403	0	0
422	279801	0	0
423	274599	0	0
424	271258	0	0
425	264759	0	0
426	261692	0	0
427	256529	0	0
428	249791	0	0
429	244697	0	0
430	240741	0	0
431	236326	0	0
432	231983	2	0
433	228461	1	0
434	223175	0	0
435	218203	1	0
436	215612	3	0
437	209198	1	0
438	206365	0	0
439	202286	0	0
440	197325	0	0
441	195770	0	0
442	191095	0	0
443	185817	5	0
444	183964	10	0
445	179784	0	0
446	175313	0	0
447	171359	0	0
448	168987	3	0
449	164191	0	0
450	163071	0	0
451	157638	0	0
452	155658	0	0
453	151976	1	0
454	149594	0	0
455	145930	1	0
456	141410	0	0
457	138887	0	0
458	138030	1	0
459	134340	0	0
460	131832	0	0
461	128317	0	0
462	125203	1	0
463	121194	0	0
464	119821	0	0
465	118708	0	0
466	115135	0	0
467	113192	0	0
468	109511	0	0
469	108127	0	0
470	106402	0	0
471	102502	0	0
472	101202	0	0
473	98692	0	0
474	96399	0	0
475	95948	0	0
476	93354	0	0
477	91967	0	0
478	88643	0	0
479	86576	0	0
480	85294	0	0
481	83346	0	0
482	81902	0	0
483	80817	0	0
484	78069	0	0
485	76596	0	0
486	74694	0	0
487	71094	0	0
488	69301	1	0
489	67344	1	0
490	66486	0	0
491	65609	0	0
492	63701	0	0
493	61496	0	0
494	60172	0	0
495	58578	0	0
496	57488	0	0
497	55346	1	0
498	53900	0	0
499	52687	0	0
500	52270	0	0
501	50431	0	0
502	49611	1	0
503	47813	0	0
504	46865	0	0
505	45709	0	0
506	44241	5	0
507	44223	3	0
508	42271	0	0
509	41526	0	0
510	40316	0	0
511	39271	0	0
512	37963	0	0
513	37716	0	0
514	36543	0	0
515	36105	0	0
516	34334	0	0
517	33773	0	0
518	32606	0	0
519	31542	0	0
520	31382	0	0
521	30733	1	0
522	30311	0	0
523	26632	0	0
524	25939	0	0
525	24935	0	0
526	24094	0	0
527	24129	0	0
528	22952	0	0
529	23054	0	0
530	22774	0	0
531	20837	0	0
532	21437	0	0
533	20133	0	0
534	20109	0	0
535	19721	0	0
536	19038	0	0
537	17941	0	0
538	17579	0	0
539	17540	0	0
540	16978	0	0
541	16149	0	0
542	16860	0	0
543	15581	0	0
544	14911	2	0
545	14177	0	0
546	14642	2	0
547	14258	0	0
548	13513	0	0
549	12772	0	0
550	12636	3	0
551	12173	2	0
552	11757	0	0
553	11652	0	0
554	10823	2	0
555	10963	0	0
556	10318	2	0
557	10357	0	0
558	10064	0	0
559	9879	0	0
560	9419	0	0
561	8895	0	0
562	8842	0	0
563	8501	0	0
564	8573	0	0
565	8048	0	0
566	7656	0	0
567	7626	0	0
568	7539	0	0
569	7488	0	0
570	7178	0	0
571	6753	0	0
572	6985	0	0
573	6330	0	0
574	6024	0	0
575	5866	0	0
576	6203	0	0
577	5300	0	0
578	5217	0	0
579	5032	0	0
580	5149	0	0
581	5069	0	0
582	4738	0	0
583	4435	0	0
584	4344	1	0
585	4047	0	0
586	4074	1	0
587	4017	1	0
588	3732	0	0
589	3746	0	0
590	3479	1	0
591	3570	0	0
592	3266	0	0
593	2983	2	0
594	2943	1	0
595	3026	0	0
596	3164	0	0
597	2711	0	0
598	2603	0	0
599	2419	0	0
600	2579	1	0
601	2474	0	0
602	2327	0	0
603	2403	0	0
604	2128	0	0
605	2244	1	0
606	1900	0	0
607	1788	0	0
608	1837	0	0
609	1697	3	0
610	1775	0	0
611	1574	0	0
612	1623	0	0
613	1583	0	0
614	1559	1	0
615	1415	0	0
616	1406	0	0
617	1369	0	0
618	1338	0	0
619	1169	0	0
620	1392	0	0
621	1114	0	0
622	1080	0	0
623	1248	0	0
624	1048	0	0
625	1116	0	0
626	922	0	0
627	1034	0	0
628	955	1	0
629	922	0	0
630	848	3	0
631	816	0	0
632	852	0	0
633	870	0	0
634	675	1	0
635	806	0	0
636	716	0	0
637	747	0	0
638	781	0	0
639	799	0	0
640	684	0	0
641	606	1	0
642	610	0	0
643	593	0	0
644	619	0	0
645	506	0	0
646	559	0	0
647	602	0	0
648	423	0	0
649	527	0	0
650	566	0	0
651	502	0	0
652	358	0	0
653	425	0	0
654	406	0	0
655	429	0	0
656	459	0	0
657	277	0	0
658	428	0	0
659	373	0	0
660	243	0	0
661	351	0	0
662	320	0	0
663	252	0	0
664	340	0	0
665	361	0	0
666	285	0	0
667	238	0	0
668	257	0	0
669	265	0	0
670	241	0	0
671	220	0	0
672	254	0	0
673	285	0	0
674	221	0	0
675	254	0	0
676	214	0	0
677	208	0	0
678	233	0	0
679	201	0	0
680	148	0	0
681	141	0	0
682	163	0	0
683	185	0	0
684	184	0	0
685	113	1	0
686	165	0	0
687	188	0	0
688	122	0	0
689	155	0	0
690	189	0	0
691	127	0	0
692	152	1	0
693	171	0	0
694	113	0	0
695	113	0	0
696	103	0	0
697	108	0	0
698	88	0	0
699	106	0	0
700	95	0	0
701	91	0	0
702	104	0	0
703	95	0	0
704	72	0	0
705	111	0	0
706	137	0	0
733	0	1	0
741	0	1	0
747	0	1	0
762	0	1	0
765	0	2	0
767	0	3	0
770	0	1	0
778	0	1	0
780	0	1	0
788	0	2	0
801	0	3	0
827	0	4	0
835	0	2	0
866	0	1	0
889	0	2	0
891	0	3	0
919	0	1	0
926	0	1	0
935	0	3	0
984	0	1	0
985	0	4	0
1009	0	3	0
1024	0	4	0
1038	0	1	0
1048	0	3	0
1054	0	4	0
1064	0	1	0
1069	0	3	0
1072	0	1	0
1073	0	1	0
1089	0	3	0
1098	0	2	0
1100	0	1	0
1101	0	1	0
1102	0	2	0
1103	0	2	0
1107	0	2	0
1113	0	1	0
1123	0	2	0
1128	0	1	0
1129	0	1	0
1132	0	5	0
1136	0	1	0
1137	0	1	0
1139	0	1	0
1153	0	1	0
1173	0	3	0
1174	0	4	0
1193	0	2	0
1201	0	2	0
1202	0	3	0
1216	0	1	0
1220	0	3	0
1222	0	2	0
1226	0	1	0
1227	0	1	0
1228	0	1	0
1243	0	2	0
1245	0	1	0
1262	0	1	0
1264	0	1	0
1265	0	1	0
1267	0	1	0
1273	0	1	0
1297	0	2	0
1305	0	1	0
1307	0	1	0
1316	0	1	0
1321	0	1	0
1332	0	1	0
1343	0	1	0
1353	0	1	0
1412	0	3	0
1492	0	1	0
1756	0	1	0
1767	0	3	0
1960	0	1	0
2040	0	4	0
2065	0	1	0
2085	0	4	0
2097	0	3	0
2114	0	2	0
2121	0	5	0
2133	0	8	0
2134	0	1	0
2154	0	2	0
2168	0	1	0
2182	0	5	0
2189	0	2	0
2199	0	2	0
2205	0	4	0
2213	0	1	0
2214	0	3	0
2227	0	1	0
2233	0	5	0
2247	0	3	0
2256	0	1	0
2262	0	1	0
2263	0	1	0
2266	0	1	0
2267	0	2	0
2269	0	1	0
2271	0	4	0
2275	0	1	0
2276	0	1	0
2277	0	1	0
2281	0	7	0
2296	0	4	0
2306	0	2	0
2310	0	2	0
2314	0	1	0
2319	0	1	0
2320	0	1	0
2327	0	2	0
2344	0	1	0
2368	0	1	0
2377	0	1	0
2384	0	1	0
2421	0	1	0
2431	0	2	0
2440	0	1	0
2442	0	1	0
2444	0	2	0
2451	0	1	0
2455	0	2	0
2466	0	2	0
2483	0	1	0
2507	0	2	0
2509	0	1	0
2511	0	1	0
2554	0	3	0
2608	0	1	0
2730	0	1	0
2732	0	2	0
2899	0	1	0
2964	0	1	0
2992	0	1	0
3073	0	4	0
3125	0	1	0
3146	0	1	0
3202	0	1	0
3211	0	1	0
3217	0	1	0
3221	0	1	0
3235	0	1	0
3619	0	1	0
3687	0	1	0
3690	0	2	0
3693	0	2	0
3699	0	3	0
3705	0	3	0
3706	0	1	0
3720	0	1	0
4420	0	1	0
4915	0	1	0
5127	0	1	0
5152	0	1	0
5715	0	1	0
5716	0	1	0
6326	0	1	0
6519	0	1	0
6851	0	1	0
7169	0	2	0
7285	0	3	0
7425	0	1	0
7431	0	1	0
7443	0	1	0
7452	0	2	0
7458	0	1	0
7466	0	1	0
7481	0	1	0
7482	0	1	0
7607	0	2	0
7704	0	1	0
7748	0	3	0
7795	0	3	0
7914	0	1	0
8406	0	2	0
8466	0	1	0
9994	0	3	0
10031	0	3	0
10160	0	1	0
10193	0	1	0
10286	0	2	0
10636	0	2	0
10773	0	1	0
10781	0	1	0
11119	0	2	0
11329	0	1	0
11434	0	1	0
11695	0	2	0
11755	0	1	0
11803	0	5	0
12023	0	1	0
12041	0	1	0
12084	0	3	0
13261	0	1	0
13722	0	1	0
14003	0	1	0
14210	0	3	0
14219	0	1	0
14241	0	2	0
14246	0	1	0
14298	0	1	0
14874	0	2	0
14967	0	1	0
15394	0	1	0
15514	0	3	0
15721	0	2	0
15790	0	1	0
15793	0	2	0
15823	0	1	0
15828	0	3	0
15829	0	3	0
15834	0	4	0
15839	0	1	0
15843	0	1	0
15844	0	1	0
15847	0	4	0
15848	0	2	0
15849	0	1	0
15850	0	2	0
15851	0	3	0
15852	0	2	0
15854	0	2	0
15857	0	6	0
15859	0	7	0
15863	0	2	0
15865	0	2	0
15866	0	1	0
15871	0	3	0
15872	0	2	0
15873	0	9	0
15874	0	2	0
15876	0	11	0
15877	0	3	0
15878	0	7	0
15879	0	2	0
15882	0	9	0
15883	0	6	0
15884	0	4	0
15887	0	5	0
15888	0	2	0
15890	0	5	0
15891	0	1	0
15893	0	9	0
15894	0	2	0
15897	0	6	0
15898	0	3	0
15899	0	2	0
15900	0	2	0
15902	0	5	0
15903	0	4	0
15905	0	2	0
15908	0	2	0
15909	0	7	0
15910	0	3	0
15911	0	2	0
15912	0	7	0
15913	0	7	0
15915	0	3	0
15916	0	8	0
15917	0	2	0
15919	0	3	0
15920	0	6	0
15921	0	4	0
15922	0	3	0
15924	0	1	0
15925	0	4	0
15926	0	6	0
15927	0	11	0
15928	0	2	0
15929	0	2	0
15931	0	11	0
15932	0	8	0
15933	0	6	0
15934	0	7	0
15935	0	5	0
15937	0	6	0
15938	0	8	0
15939	0	5	0
15940	0	4	0
15941	0	13	0
15942	0	3	0
15944	0	2	0
15945	0	3	0
15946	0	10	0
15947	0	3	0
15948	0	4	0
15949	0	9	0
15952	0	4	0
15953	0	2	0
15954	0	1	0
15955	0	5	0
15956	0	4	0
15957	0	7	0
15958	0	2	0
15959	0	8	0
15960	0	2	0
15961	0	2	0
15962	0	11	0
15963	0	7	0
15964	0	6	0
15965	0	3	0
15966	0	6	0
15967	0	1	0
15968	0	14	0
15969	0	8	0
15970	0	14	0
15971	0	6	0
15972	0	6	0
15973	0	7	0
15974	0	6	0
15976	0	9	0
15977	0	8	0
15978	0	3	0
15979	0	6	0
15980	0	6	0
15981	0	14	0
15982	0	9	0
15983	0	5	0
15984	0	4	0
15985	0	14	0
15986	0	1	0
15987	0	7	0
15988	0	9	0
15989	0	6	0
15990	0	10	0
15991	0	14	0
15992	0	9	0
15993	0	4	0
15994	0	4	0
15995	0	4	0
15996	0	19	0
15997	0	14	0
15998	0	1	0
15999	0	20	0
16000	0	14	0
16001	0	12	0
16002	0	10	0
16003	0	10	0
16004	0	13	0
16005	0	16	0
16006	0	11	0
16007	0	14	0
16008	0	3	0
16009	0	7	0
16010	0	4	0
16011	0	8	0
16012	0	4	0
16013	0	11	0
16014	0	10	0
16015	0	3	0
16016	0	9	0
16017	0	19	0
16018	0	8	0
16019	0	7	0
16020	0	13	0
16021	0	7	0
16022	0	4	0
16023	0	10	0
16024	0	6	0
16025	0	9	0
16026	0	6	0
16027	0	12	0
16028	0	7	0
16029	0	7	0
16030	0	9	0
16031	0	7	0
16032	0	7	0
16033	0	8	0
16034	0	1	0
16035	0	20	0
16036	0	19	0
16037	0	10	0
16038	0	4	0
16039	0	6	0
16040	0	5	0
16041	0	11	0
16042	0	18	0
16043	0	20	0
16044	0	10	0
16045	0	18	0
16046	0	13	0
16047	0	11	0
16048	0	13	0
16049	0	6	0
16050	0	11	0
16051	0	8	0
16052	0	17	0
16053	0	10	0
16054	0	13	0
16055	0	19	0
16056	0	6	0
16057	0	10	0
16058	0	16	0
16059	0	10	0
16060	0	10	0
16061	0	7	0
16062	0	10	0
16063	0	9	0
16064	0	9	0
16065	0	10	0
16066	0	10	0
16067	0	16	0
16068	0	13	0
16069	0	11	0
16070	0	16	0
16071	0	5	0
16072	0	12	0
16073	0	15	0
16074	0	15	0
16075	0	17	0
16076	0	17	0
16077	0	24	0
16078	0	8	0
16079	0	10	0
16080	0	24	0
16081	0	9	0
16082	0	14	0
16083	0	10	0
16084	0	12	0
16085	0	7	0
16086	0	10	0
16087	0	15	0
16088	0	20	0
16089	0	9	0
16090	0	4	0
16091	0	18	0
16092	0	16	0
16093	0	13	0
16094	0	8	0
16095	0	16	0
16096	0	8	0
16097	0	5	0
16098	0	16	0
16099	0	13	0
16100	0	9	0
16101	0	7	0
16102	0	10	0
16103	0	7	0
16104	0	10	0
16105	0	7	0
16106	0	17	0
16107	0	12	0
16108	0	11	0
16109	0	8	0
16110	0	6	0
16111	0	13	0
16112	0	12	0
16113	0	12	0
16114	0	8	0
16115	0	4	0
16116	0	11	0
16117	0	10	0
16118	0	9	0
16119	0	4	0
16120	0	3	0
16121	0	9	0
16122	0	8	0
16123	0	8	0
16124	0	5	0
16125	0	4	0
16126	0	3	0
16127	0	2	0
16128	0	4	0
16129	0	4	0
16130	0	3	0
16131	0	5	0
16132	0	4	0
16133	0	3	0
16134	0	2	0
16135	0	2	0
16136	0	6	0
16137	0	3	0
16138	0	1	0
16139	0	2	0
16140	0	1	0
16141	0	2	0
16142	0	1	0
16143	0	2	0
16144	0	1	0
16149	0	1	0
17415	0	1	0
17640	0	1	0
18059	0	1	0
18063	0	1	0
18243	0	2	0
19104	0	6	0
19226	0	1	0
19232	0	1	0
19482	0	4	0
19553	0	3	0
19629	0	2	0
21224	0	1	0
21491	0	2	0
22405	0	3	0
23289	0	1	0
25017	0	2	0
25686	0	1	0
25755	0	1	0
27168	0	2	0
27391	0	6	0
27678	0	2	0
28740	0	2	0
30580	0	1	0
31770	0	1	0
32259	0	1	0
34076	0	1	0
35736	0	6	0
36331	0	2	0
37309	0	2	0
37351	0	1	0
37356	0	1	0
37370	0	1	0
37374	0	1	0
37377	0	1	0
38113	0	4	0
38296	0	2	0
38382	0	4	0
38447	0	1	0
38532	0	1	0
38553	0	1	0
38554	0	1	0
38555	0	1	0
38581	0	1	0
39583	0	1	0
39678	0	1	0
41535	0	2	0
41729	0	1	0
43392	0	2	0
46703	0	1	0
48520	0	1	0
48717	0	1	0
51172	0	1	0
52835	0	1	0
54526	0	2	0
54558	0	1	0
54592	0	2	0
54652	0	1	0
58173	0	1	0
62168	0	1	0
63892	0	1	0
64145	0	2	0
64297	0	1	0
66079	0	1	0
66120	0	1	0
67189	0	1	0
68197	0	1	0
69973	0	2	0
70097	0	1	0
70099	0	1	0
73885	0	1	0
75346	0	1	0
75353	0	1	0
75355	0	2	0
75369	0	1	0
76253	0	3	0
76436	0	1	0
76854	0	1	0
81283	0	1	0
81302	0	1	0
81416	0	1	0
81445	0	1	0
81470	0	1	0
81529	0	1	0
81552	0	1	0
81556	0	1	0
81574	0	1	0
81601	0	1	0
81624	0	1	0
81642	0	1	0
81673	0	2	0
82009	0	1	0
82190	0	1	0
82870	0	1	0
84278	0	1	0
86312	0	3	0
89345	0	1	0
93680	0	3	0
96848	0	1	0
101906	0	1	0
110275	0	1	0
110280	0	1	0
111472	0	2	0
111476	0	2	0
111526	0	1	0
111542	0	2	0
111565	0	1	0
111567	0	1	0
111571	0	3	0
111573	0	1	0
111577	0	2	0
111586	0	1	0
111591	0	1	0
111595	0	1	0
111603	0	2	0
111637	0	1	0
111640	0	2	0
111642	0	1	0
111650	0	1	0
111651	0	1	0
111655	0	2	0
111656	0	2	0
111666	0	1	0
111673	0	2	0
111691	0	1	0
111692	0	1	0
111695	0	1	0
111699	0	1	0
111708	0	1	0
111709	0	1	0
111719	0	1	0
111730	0	2	0
111732	0	1	0
111997	0	1	0
113491	0	2	0
113503	0	2	0
113525	0	7	0
113526	0	1	0
113541	0	1	0
113567	0	2	0
113568	0	1	0
113570	0	1	0
113571	0	1	0
113572	0	1	0
113574	0	1	0
113576	0	2	0
113578	0	2	0
113583	0	2	0
113584	0	1	0
113585	0	5	0
113590	0	4	0
113596	0	4	0
113598	0	1	0
113603	0	1	0
113608	0	2	0
113611	0	2	0
113626	0	2	0
113636	0	2	0
113637	0	1	0
113639	0	2	0
113641	0	1	0
113644	0	1	0
113661	0	1	0
113665	0	1	0
113667	0	1	0
113670	0	2	0
113671	0	2	0
113673	0	1	0
113678	0	1	0
113684	0	1	0
113688	0	4	0
113695	0	1	0
113704	0	1	0
113708	0	1	0
113711	0	1	0
113713	0	1	0
113716	0	1	0
113718	0	1	0
113746	0	1	0
113753	0	1	0
114152	0	0	1
117399	0	1	0
118997	0	1	0
119603	0	1	0
123307	0	1	0
125232	0	1	0
125248	0	1	0
125250	0	2	0
130577	0	1	0
131959	0	1	0
135251	0	1	0
142625	0	1	0
143101	0	1	0
143234	0	2	0
143528	0	1	0
143635	0	2	0
143663	0	2	0
143668	0	1	0
145381	0	0	1
157181	0	1	0
161332	0	2	0
162025	0	1	0
162063	0	1	0
167380	0	1	0
168510	0	1	0
169514	0	2	0
173201	0	1	0
177582	0	2	0
177678	0	1	0
181570	0	1	0
187576	0	6	0
187840	0	1	0
187928	0	2	0
188011	0	2	0
188021	0	1	0
188027	0	1	0
188034	0	3	0
188041	0	1	0
188058	0	1	0
188069	0	1	0
188087	0	1	0
188118	0	1	0
188125	0	2	0
188142	0	1	0
188149	0	1	0
192701	0	1	0
195574	0	1	0
196317	0	1	0
196341	0	1	0
196466	0	1	0
197348	0	3	0
199258	0	1	0
204344	0	1	0
204407	0	3	0
207442	0	3	0
221466	0	1	0
221739	0	1	0
225674	0	1	0
228152	0	3	0
228946	0	1	0
232646	0	1	0
232668	0	1	0
233001	0	2	0
233173	0	6	0
285543	0	1	0
287703	0	1	0
289552	0	1	0
298432	0	3	0
298493	0	1	0
304152	0	1	0
304706	0	1	0
308327	0	1	0
308406	0	2	0
310714	0	1	0
310814	0	1	0
314085	0	10	0
315550	0	1	0
316915	0	2	0
323540	0	1	0
323541	0	1	0
336995	0	1	0
343581	0	1	0
348950	0	5	0
353914	0	8	0
355878	0	1	0
356641	0	1	0
369391	0	1	0
381054	0	1	0
384623	0	1	0
391982	0	1	0
392376	0	3	0
392422	0	3	0
404312	0	1	0
404317	0	1	0
406658	0	3	0
415251	0	1	0
416830	0	1	0
431358	0	1	0
433163	0	1	0
438742	0	1	0
443860	0	1	0
447501	0	1	0
447653	0	2	0
453462	0	1	0
475570	0	9	0
481332	0	1	0
482026	0	1	0
482049	0	1	0
509671	0	1	0
524144	0	1	0
524148	0	1	0
536646	0	1	0
552247	0	1	0
562503	0	2	0
570073	0	1	0
575926	0	0	1
600328	0	0	1
602701	0	1	0
629282	0	2	0
641426	0	2	0
648173	0	1	0
648254	0	1	0
661333	0	1	0
679880	0	1	0
684444	0	1	0
691739	0	1	0
700269	0	1	0
710870	0	1	0
722908	0	1	0
723631	0	2	0
740589	0	1	0
775090	0	1	0
778100	0	1	0
788594	0	1	0
796541	0	1	0
807630	0	2	0
808747	0	1	0
812370	0	0	1
815267	0	1	0
824354	0	1	0
825477	0	1	0
826007	0	1	0
832362	0	1	0
834638	0	1	0
836636	0	1	0
837916	0	1	0
850388	0	1	0
851233	0	1	0
856884	0	3	0
866648	0	1	0
871590	0	1	0
891442	0	1	0
905221	0	1	0
908084	0	1	0
908118	0	1	0
908163	0	1	0
908197	0	1	0
908200	0	1	0
908234	0	2	0
908239	0	1	0
908305	0	1	0
914850	0	1	0
914851	0	1	0
914948	0	1	0
914965	0	1	0
921742	0	1	0
924255	0	1	0
957498	0	1	0
962062	0	1	0
962639	0	1	0
971832	0	1	0
974139	0	1	0
996643	0	1	0
1007139	0	1	0
1013730	0	1	0
1025072	0	1	0
1029188	0	1	0
1044541	0	3	0
1056068	0	1	0
1087416	0	1	0
1089929	0	1	0
1097157	0	1	0
1102670	0	1	0
1113580	0	1	0
1136513	0	1	0
1151888	0	1	0
1169912	0	6	0
1174000	0	1	0
1178366	0	2	0
1200989	0	1	0
1214241	0	1	0
1219472	0	1	0
1228515	0	1	0
1245599	0	4	0
1260356	0	1	0
1272180	0	1	0
1292438	0	4	0
1294806	0	1	0
1305299	0	1	0
1322954	0	1	0
1346556	0	2	0
1375593	0	1	0
1387018	0	1	0
1421132	0	1	0
1421576	0	1	0
1448023	0	1	0
1448035	0	1	0
1448039	0	1	0
1448050	0	1	0
1455002	0	1	0
1456694	0	1	0
1456842	0	4	0
1472085	0	1	0
1479768	0	1	0
1484727	0	1	0
1502483	0	1	0
1510762	0	1	0
1515997	0	1	0
1523024	0	1	0
1534016	0	1	0
1536485	0	1	0
1557724	0	1	0
1563102	0	1	0
1565936	0	2	0
1565958	0	2	0
1582046	0	1	0
1594781	0	1	0
1595668	0	1	0
1602239	0	1	0
1602310	0	1	0
1614397	0	1	0
1616330	0	1	0
1616952	0	2	0
1620066	0	1	0
1620087	0	2	0
1621731	0	1	0
1627736	0	1	0
1631789	0	1	0
1637568	0	1	0
1638451	0	1	0
1640064	0	1	0
1651516	0	3	0
1666147	0	1	0
1675684	0	1	0
1684316	0	2	0
1688133	0	2	0
1695108	0	1	0
1695748	0	1	0
1698517	0	1	0
1707053	0	1	0
1714524	0	8	0
1753529	0	1	0
1798844	0	2	0
1824246	0	0	1
1835070	0	3	0
1841627	0	1	0
1865000	0	2	0
1878747	0	1	0
1887721	0	1	0
1912629	0	3	0
1918037	0	1	0
1939252	0	4	0
1939351	0	2	0
1939416	0	1	0
1960587	0	1	0
1960709	0	1	0
1960714	0	2	0
1960763	0	2	0
1960904	0	1	0
1997656	0	1	0
2004973	0	1	0
2037467	0	1	0
2037871	0	1	0
2044820	0	4	0
2044935	0	1	0
2044938	0	3	0
2044973	0	2	0
2044979	0	4	0
2044985	0	1	0
2045004	0	2	0
2045016	0	2	0
2045023	0	2	0
2045028	0	1	0
2045033	0	1	0
2045037	0	2	0
2045046	0	1	0
2059482	0	1	0
2059501	0	1	0
2059502	0	1	0
2073803	0	2	0
2086451	0	1	0
2086707	0	1	0
2105994	0	2	0
2117412	0	2	0
2135510	0	1	0
2144674	0	1	0
2155173	0	1	0
2169305	0	1	0
2177584	0	1	0
2189452	0	1	0
2202021	0	1	0
2204670	0	1	0
2235679	0	0	1
2240824	0	1	0
2243149	0	2	0
2250026	0	1	0
2269945	0	1	0
2308516	0	1	0
2323641	0	2	0
2338663	0	1	0
2351162	0	1	0
2351652	0	1	0
2366187	0	1	0
2401503	0	1	0
2428003	0	1	0
2454070	0	1	0
2504970	0	1	0
2511645	0	1	0
2519132	0	1	0
2522364	0	1	0
2544984	0	1	0
2561989	0	1	0
2580279	0	1	0
2598726	0	1	0
2612513	0	1	0
2617861	0	1	0
2661750	0	1	0
2691280	0	6	0
2693072	0	1	0
2697698	0	1	0
2716497	0	1	0
2728872	0	2	0
2734762	0	1	0
2735089	0	3	0
2759537	0	2	0
2761095	0	1	0
2767984	0	2	0
2778301	0	1	0
2778424	0	1	0
2781718	0	1	0
2790832	0	1	0
2800953	0	1	0
2803783	0	1	0
2807164	0	1	0
2831630	0	3	0
2848408	0	1	0
2850872	0	1	0
2872877	0	1	0
2879045	0	1	0
2894165	0	1	0
2894194	0	1	0
2910500	0	1	0
2923360	0	1	0
2924772	0	1	0
2929324	0	1	0
2936768	0	1	0
2938608	0	1	0
2940572	0	2	0
2943840	0	1	0
2962510	0	1	0
2967285	0	1	0
2991901	0	1	0
3016030	0	3	0
3035947	0	1	0
3039219	0	1	0
3045804	0	1	0
3052622	0	1	0
3053799	0	0	1
3057349	0	1	0
3081093	0	2	0
3082744	0	1	0
3088862	0	1	0
3090143	0	1	0
3104814	0	1	0
3113060	0	1	0
3119108	0	1	0
3131805	0	1	0
3143416	0	1	0
3151573	0	1	0
3176959	0	1	0
3199490	0	1	0
3201155	0	1	0
3235445	0	5	0
3260676	0	1	0
3271749	0	1	0
3276305	0	1	0
3289715	0	1	0
3305618	0	1	0
3305925	0	1	0
3326361	0	5	0
3354681	0	1	0
3358280	0	1	0
3366993	0	1	0
3384890	0	1	0
3389172	0	1	0
3398880	0	1	0
3402745	0	5	0
3422342	0	1	0
3425016	0	1	0
3459367	0	1	0
3470952	0	1	0
3483782	0	1	0
3497572	0	1	0
3545352	0	1	0
3572280	0	1	0
3599290	0	1	0
3601012	0	6	0
3604054	0	2	0
3611776	0	2	0
3613216	0	1	0
3621811	0	0	1
3623507	0	1	0
3623577	0	1	0
3623594	0	1	0
3659125	0	1	0
3670446	0	1	0
3675091	0	1	0
3681794	0	0	1
3687780	0	0	1
3693060	0	1	0
3710439	0	1	0
3728060	0	1	0
3735215	0	1	0
3743163	0	1	0
3748954	0	1	0
3755452	0	1	0
3774416	0	3	0
3792135	0	1	0
3799171	0	1	0
3849645	0	0	1
3863856	0	1	0
3877339	0	1	0
3887879	0	1	0
3891410	0	5	0
3900217	0	2	0
3913517	0	1	0
3918377	0	5	0
3918715	0	1	0
3949213	0	1	0
3975442	0	1	0
4013183	0	1	0
4031330	0	1	0
4052020	0	1	0
4070515	0	1	0
4074624	0	0	1
4076726	0	1	0
4086163	0	1	0
4089250	0	1	0
4090315	0	1	0
4091475	0	1	0
4112812	0	2	0
4134443	0	3	0
4158998	0	1	0
4208253	0	1	0
4208793	0	1	0
4230216	0	1	0
4240329	0	1	0
4323286	0	1	0
4324769	0	1	0
4337408	0	1	0
4339933	0	1	0
4348285	0	1	0
4352626	0	1	0
4378292	0	1	0
4379375	0	1	0
4392429	0	1	0
4412065	0	1	0
4412358	0	1	0
4423743	0	1	0
4434232	0	1	0
4460867	0	1	0
4470322	0	1	0
4492563	0	1	0
4494970	0	1	0
4497899	0	1	0
4505918	0	1	0
4513956	0	2	0
4520255	0	1	0
4520364	0	1	0
4542345	0	3	0
4568792	0	2	0
4608030	0	1	0
4615109	0	3	0
4657493	0	1	0
4683560	0	1	0
4703323	0	2	0
4706510	0	1	0
4734226	0	1	0
4742372	0	1	0
4746799	0	1	0
4753940	0	1	0
4766645	0	2	0
4791409	0	2	0
4799860	0	1	0
4812785	0	1	0
4835055	0	1	0
4838616	0	2	0
4857289	0	1	0
4859602	0	2	0
4861909	0	2	0
4888469	0	1	0
4891205	0	1	0
4898568	0	1	0
4904111	0	1	0
4918074	0	1	0
4923663	0	1	0
4930898	0	2	0
4938798	0	2	0
4971821	0	1	0
4984780	0	1	0
5048262	0	5	0
5059934	0	1	0
5062146	0	1	0
5092751	0	6	0
5118704	0	2	0
5124768	0	3	0
5143123	0	1	0
5156678	0	2	0
5183249	0	1	0
5187733	0	1	0
5206953	0	11	0
5238279	0	1	0
5266428	0	1	0
5266429	0	1	0
5308960	0	5	0
5314176	0	1	0
5328392	0	3	0
5344612	0	1	0
5378568	0	1	0
5418545	0	1	0
5422249	0	1	0
5456229	0	1	0
5489198	0	1	0
5492043	0	4	0
5512105	0	1	0
5517804	0	1	0
5566134	0	1	0
5584290	0	4	0
5587466	0	1	0
5620657	0	1	0
5657610	0	1	0
5664647	0	1	0
5690408	0	5	0
5698958	0	1	0
5727436	0	0	1
5734443	0	3	0
5744868	0	1	0
5766117	0	1	0
5768396	0	1	0
5779053	0	2	0
5800767	0	2	0
5820690	0	1	0
5820975	0	1	0
5845524	0	1	0
5846817	0	1	0
5872862	0	0	1
5872933	0	1	0
5905355	0	1	0
5913242	0	1	0
5945736	0	3	0
5947358	0	1	0
5957700	0	1	0
5966430	0	3	0
5983612	0	1	0
5983975	0	1	0
5989069	0	1	0
5994524	0	1	0
6015203	0	1	0
6029716	0	1	0
6066372	0	1	0
6115900	0	1	0
6117888	0	1	0
6123015	0	1	0
6123422	0	2	0
6133857	0	1	0
6150873	0	1	0
6175767	0	3	0
6197768	0	2	0
6198588	0	1	0
6246602	0	1	0
6263036	0	1	0
6267559	0	1	0
6272186	0	1	0
6277170	0	1	0
6280306	0	1	0
6285355	0	4	0
6293584	0	1	0
6294982	0	1	0
6300216	0	4	0
6339665	0	1	0
6348818	0	1	0
6374248	0	1	0
6381618	0	1	0
6409621	0	1	0
6437826	0	1	0
6478929	0	1	0
6502631	0	1	0
6507938	0	1	0
6547373	0	1	0
6556655	0	1	0
6587916	0	2	0
6592739	0	4	0
6595690	0	1	0
6607512	0	1	0
6614053	0	1	0
6636059	0	1	0
6637493	0	1	0
6642190	0	3	0
6644370	0	2	0
6648036	0	1	0
6653611	0	5	0
6655806	0	1	0
6665098	0	1	0
6666742	0	1	0
6671497	0	1	0
6678105	0	1	0
6687223	0	2	0
6734996	0	1	0
6742284	0	1	0
6749706	0	1	0
6779360	0	1	0
6786855	0	1	0
6797697	0	0	1
6843195	0	1	0
6871893	0	1	0
6891392	0	1	0
6926258	0	1	0
6940542	0	1	0
6952717	0	5	0
6962707	0	2	0
6972545	0	1	0
6980509	0	1	0
6986149	0	1	0
6999616	0	1	0
7002223	0	3	0
7009695	0	1	0
7038848	0	1	0
7042286	0	1	0
7057155	0	2	0
7086122	0	1	0
7102214	0	1	0
7108190	0	2	0
7118145	0	1	0
7130781	0	0	1
7147435	0	5	0
7163590	0	1	0
7172063	0	1	0
7174160	0	1	0
7177773	0	1	0
7178306	0	1	0
7191154	0	0	1
7192834	0	1	0
7204844	0	1	0
7204924	0	2	0
7227198	0	1	0
7243806	0	0	1
7295153	0	2	0
7302361	0	1	0
7303623	0	1	0
7327207	0	1	0
7330248	0	1	0
7334257	0	2	0
7334394	0	1	0
7340879	0	1	0
7346276	0	0	1
7350415	0	1	0
7381674	0	1	0
7389507	0	0	1
7408240	0	1	0
7415332	0	1	0
7427040	0	0	1
7435232	0	1	0
7453314	0	2	0
7471261	0	1	0
7473093	0	1	0
7510122	0	1	0
7530777	0	1	0
7530851	0	1	0
7546581	0	1	0
7553892	0	1	0
7580769	0	1	0
7606148	0	3	0
7615785	0	1	0
7635392	0	1	0
7637360	0	1	0
7637945	0	1	0
7638405	0	1	0
7645675	0	1	0
7648886	0	1	0
7659672	0	1	0
7674119	0	1	0
7677269	0	1	0
7758865	0	1	0
7769000	0	0	1
7791001	0	1	0
7791988	0	1	0
7793125	0	1	0
7801060	0	1	0
7806040	0	1	0
7813038	0	1	0
7821633	0	1	0
7831884	0	1	0
7841969	0	2	0
7852093	0	2	0
7897893	0	1	0
7897963	0	2	0
7936484	0	1	0
7939468	0	1	0
7961892	0	1	0
7973578	0	1	0
7977175	0	1	0
7977601	0	1	0
7979915	0	1	0
7997576	0	1	0
8008604	0	2	0
8011242	0	2	0
8024444	0	1	0
8037634	0	1	0
8042780	0	1	0
8047068	0	1	0
8059202	0	1	0
8067925	0	1	0
8077848	0	1	0
8078443	0	1	0
8086077	0	4	0
8106059	0	1	0
8108490	0	1	0
8117104	0	1	0
8140796	0	1	0
8163455	0	1	0
8177618	0	1	0
8180549	0	3	0
8188479	0	1	0
8209862	0	1	0
8213253	0	1	0
8238376	0	1	0
8240346	0	1	0
8259010	0	1	0
8276516	0	6	0
8280131	0	1	0
8280560	0	1	0
8291761	0	2	0
8295280	0	1	0
8314082	0	1	0
8354555	0	5	0
8361327	0	1	0
8369175	0	1	0
8373578	0	1	0
8400337	0	1	0
8426611	0	1	0
8429949	0	1	0
8431015	0	1	0
8478984	0	1	0
8488971	0	1	0
8526320	0	1	0
8530975	0	1	0
8559678	0	1	0
8571193	0	1	0
8585748	0	1	0
8592980	0	0	1
8607588	0	1	0
8647893	0	1	0
8659680	0	1	0
8664644	0	1	0
8665912	0	4	0
8696982	0	2	0
8751478	0	1	0
8767709	0	1	0
8800648	0	1	0
8817144	0	1	0
8821668	0	1	0
8827276	0	1	0
8846519	0	1	0
8868855	0	1	0
8933579	0	8	0
8956790	0	1	0
8962436	0	0	1
8971211	0	3	0
8977036	0	1	0
9003377	0	0	1
9021903	0	2	0
9046494	0	1	0
9064122	0	1	0
9108166	0	1	0
9158626	0	1	0
9170928	0	1	0
9224012	0	1	0
9237556	0	2	0
9266923	0	2	0
9281995	0	2	0
9343453	0	2	0
9376512	0	1	0
9391484	0	1	0
9392551	0	1	0
9400942	0	4	0
9405352	0	0	1
9418341	0	1	0
9430343	0	4	0
9475121	0	1	0
9479595	0	1	0
9482826	0	1	0
9490529	0	1	0
9524487	0	2	0
9584631	0	1	0
9594095	0	1	0
9622732	0	1	0
9624159	0	1	0
9629497	0	1	0
9671169	0	1	0
9693139	0	3	0
9708974	0	1	0
9720106	0	1	0
9767393	0	1	0
9775122	0	1	0
9792087	0	1	0
9815778	0	1	0
9840656	0	1	0
9856357	0	0	1
9877467	0	1	0
9931979	0	1	0
9935161	0	1	0
9938628	0	1	0
9943314	0	1	0
9980638	0	1	0
9995640	0	3	0
10063403	0	1	0
10076623	0	1	0
10090621	0	1	0
10142534	0	1	0
10175351	0	1	0
10197914	0	1	0
10303016	0	8	0
10311632	0	1	0
10365998	0	3	0
10422095	0	1	0
10492828	0	1	0
10508449	0	0	1
10508820	0	0	1
10545153	0	3	0
10548652	0	1	0
10596379	0	1	0
10610038	0	2	0
10700921	0	1	0
10723332	0	1	0
10724216	0	1	0
10734366	0	6	0
10743297	0	3	0
10746763	0	7	0
10750231	0	1	0
10756408	0	1	0
10767301	0	2	0
10800169	0	1	0
10826826	0	1	0
10843406	0	2	0
10843466	0	1	0
10905981	0	1	0
10910464	0	5	0
10953659	0	0	1
10977164	0	1	0
10992512	0	1	0
11009770	0	1	0
11027704	0	2	0
11056333	0	1	0
11075191	0	8	0
11079880	0	1	0
11107409	0	1	0
11143570	0	1	0
11157963	0	6	0
11161159	0	1	0
11174179	0	7	0
11216907	0	1	0
11224531	0	1	0
11262575	0	1	0
11270602	0	1	0
11276426	0	3	0
11319650	0	1	0
11379118	0	1	0
11384533	0	1	0
11406260	0	0	1
11406489	0	1	0
11470041	0	1	0
11474885	0	1	0
11484964	0	2	0
11592791	0	2	0
11594453	0	2	0
11594894	0	1	0
11600700	0	1	0
11615485	0	2	0
11617818	0	1	0
11663490	0	1	0
11672009	0	1	0
11672885	0	1	0
11688735	0	1	0
11689056	0	1	0
11714422	0	1	0
11766687	0	1	0
11767270	0	1	0
11773702	0	1	0
11804988	0	1	0
11811655	0	3	0
11814176	0	1	0
11814724	0	1	0
11819305	0	1	0
11850984	0	1	0
11853352	0	1	0
11855998	0	1	0
11883023	0	1	0
11897937	0	1	0
11914541	0	1	0
11916326	0	1	0
11920891	0	2	0
11947265	0	0	1
11948888	0	1	0
11983987	0	1	0
11984566	0	1	0
11993034	0	1	0
12019942	0	1	0
12058164	0	1	0
12074239	0	1	0
12173229	0	1	0
12278072	0	1	0
12312920	0	1	0
12313390	0	3	0
12336911	0	1	0
12347914	0	1	0
12374397	0	1	0
12374869	0	1	0
12394215	0	1	0
12397515	0	1	0
12427787	0	2	0
12445830	0	2	0
12451191	0	1	0
12475883	0	1	0
12497214	0	1	0
12555768	0	2	0
12573533	0	1	0
12574121	0	1	0
12584883	0	1	0
12586298	0	1	0
12603709	0	1	0
12608638	0	1	0
12618234	0	1	0
12623704	0	2	0
12673708	0	1	0
12676709	0	1	0
12718678	0	1	0
12727289	0	6	0
12731549	0	1	0
12732281	0	3	0
12885333	0	1	0
12913206	0	1	0
12922914	0	0	1
12925480	0	1	0
12926828	0	2	0
12955908	0	1	0
12988502	0	1	0
13010851	0	1	0
13115315	0	1	0
13132816	0	1	0
13134487	0	2	0
13135255	0	1	0
13146855	0	1	0
13193555	0	2	0
13200067	0	1	0
13206609	0	1	0
13207060	0	2	0
13292482	0	4	0
13318152	0	1	0
13335156	0	1	0
13346105	0	1	0
13349494	0	1	0
13350780	0	1	0
13376885	0	1	0
13397034	0	2	0
13397322	0	1	0
13473315	0	1	0
13486177	0	1	0
13506224	0	1	0
13511569	0	2	0
13512494	0	1	0
13620962	0	5	0
13644800	0	1	0
13687660	0	4	0
13741836	0	3	0
13769639	0	1	0
13799127	0	1	0
13814345	0	2	0
13814377	0	0	1
13814789	0	1	0
13820153	0	0	1
13856677	0	2	0
13911304	0	3	0
13931271	0	1	0
13947090	0	1	0
13954296	0	1	0
13989048	0	1	0
13991578	0	3	0
13991832	0	4	0
14014529	0	1	0
14016917	0	1	0
14019484	0	1	0
14021725	0	3	0
14023664	0	0	1
14023892	0	1	0
14048134	0	2	0
14060425	0	1	0
14101039	0	1	0
14144438	0	1	0
14178332	0	5	0
14227071	0	1	0
14234821	0	1	0
14246772	0	1	0
14265261	0	1	0
14307161	0	4	0
14311253	0	1	0
14355449	0	1	0
14389841	0	1	0
14453139	0	1	0
14467385	0	1	0
14477536	0	2	0
14531091	0	1	0
14546196	0	0	1
14562332	0	1	0
14578453	0	1	0
14639543	0	1	0
14640777	0	3	0
14649148	0	2	0
14736732	0	1	0
14779875	0	2	0
14787537	0	1	0
14818164	0	0	1
14822462	0	1	0
14831219	0	1	0
14833909	0	1	0
14874789	0	4	0
14902968	0	1	0
14906307	0	3	0
14919080	0	0	1
14921762	0	1	0
14925740	0	2	0
14926055	0	1	0
14930357	0	1	0
14936328	0	1	0
14974954	0	1	0
14989498	0	2	0
14993260	0	1	0
15005368	0	1	0
15025533	0	1	0
15043054	0	1	0
15052712	0	2	0
15056506	0	1	0
15067337	0	2	0
15110283	0	1	0
15156802	0	2	0
15176726	0	1	0
15186645	0	2	0
15227018	0	4	0
15259820	0	1	0
15272640	0	0	1
15278408	0	3	0
15280013	0	1	0
15333561	0	1	0
15427639	0	2	0
15434702	0	1	0
15436890	0	1	0
15445358	0	1	0
15456201	0	1	0
15472877	0	1	0
15533293	0	2	0
15568105	0	1	0
15586453	0	0	1
15586502	0	3	0
15620112	0	1	0
15638944	0	3	0
15682267	0	0	1
15697715	0	1	0
15763606	0	1	0
15772128	0	1	0
15777492	0	1	0
15788661	0	1	0
15804182	0	1	0
15876976	0	1	0
15881384	0	2	0
15910787	0	1	0
15916559	0	4	0
15970685	0	1	0
16050073	0	1	0
16065937	0	1	0
16091910	0	2	0
16100932	0	1	0
16121251	0	2	0
16121801	0	1	0
16159499	0	2	0
16182671	0	1	0
16244082	0	9	0
16324709	0	1	0
16341330	0	1	0
16356881	0	1	0
16370686	0	1	0
16379713	0	1	0
16381156	0	1	0
16431894	0	1	0
16438488	0	3	0
16451335	0	1	0
16486405	0	0	1
16503392	0	1	0
16528139	0	1	0
16531360	0	1	0
16538449	0	1	0
16584823	0	1	0
16594479	0	1	0
16606308	0	1	0
16645486	0	1	0
16661431	0	1	0
16688082	0	1	0
16697570	0	1	0
16700898	0	2	0
16716063	0	1	0
16721824	0	1	0
16722580	0	6	0
16729038	0	1	0
16787630	0	2	0
16804225	0	2	0
16817437	0	1	0
16874803	0	1	0
16920730	0	1	0
16934604	0	1	0
16940138	0	1	0
16943674	0	1	0
17005466	0	1	0
17013107	0	3	0
17073945	0	1	0
17146859	0	2	0
17148011	0	1	0
17199036	0	1	0
17232346	0	3	0
17248971	0	1	0
17252212	0	2	0
17268932	0	1	0
17273810	0	0	1
17273882	0	1	0
17284158	0	1	0
17290195	0	1	0
17310005	0	1	0
17357039	0	1	0
17381150	0	1	0
17390841	0	1	0
17413029	0	1	0
17420184	0	1	0
17477753	0	1	0
17492815	0	1	0
17502829	0	1	0
17521219	0	1	0
17545162	0	1	0
17610394	0	1	0
17622309	0	0	1
17694304	0	1	0
17700491	0	5	0
17710328	0	0	1
17763778	0	3	0
17770742	0	2	0
17870547	0	1	0
17872123	0	3	0
17889849	0	1	0
17896710	0	7	0
17899880	0	0	1
17913548	0	3	0
17937883	0	1	0
17945545	0	1	0
17961619	0	1	0
17962513	0	1	0
17971877	0	1	0
17991743	0	1	0
17991759	0	1	0
17991765	0	1	0
18002831	0	3	0
18031025	0	1	0
18074481	0	1	0
18121568	0	1	0
18121792	0	1	0
18124319	0	1	0
18128859	0	2	0
18132791	0	2	0
18138010	0	1	0
18146284	0	5	0
18157015	0	1	0
18182843	0	4	0
18197464	0	1	0
18205651	0	1	0
18206366	0	1	0
18214312	0	2	0
18235386	0	1	0
18253548	0	2	0
18287709	0	1	0
18330008	0	1	0
18336826	0	1	0
18408015	0	3	0
18426041	0	3	0
18431891	0	1	0
18451678	0	1	0
18462644	0	1	0
18506837	0	1	0
18522485	0	1	0
18547565	0	1	0
18568269	0	1	0
18579330	0	1	0
18712236	0	1	0
18730399	0	4	0
18730784	0	1	0
18737370	0	1	0
18742153	0	1	0
18784706	0	1	0
18789219	0	1	0
18829087	0	1	0
18829476	0	1	0
18830480	0	1	0
18847816	0	3	0
18847890	0	3	0
18857231	0	1	0
18871728	0	1	0
18873161	0	1	0
18888841	0	1	0
18890303	0	1	0
18891113	0	1	0
18947568	0	1	0
18949831	0	2	0
19034548	0	1	0
19043304	0	1	0
19056387	0	1	0
19094087	0	1	0
19143529	0	1	0
19181590	0	1	0
19203973	0	1	0
19225235	0	1	0
19225237	0	3	0
19225339	0	1	0
19225363	0	1	0
19228123	0	1	0
19292459	0	1	0
19309288	0	1	0
19337765	0	1	0
19354288	0	1	0
19354677	0	1	0
19354895	0	1	0
19358899	0	1	0
19382051	0	0	1
19397418	0	1	0
19410573	0	1	0
19414559	0	1	0
19423913	0	1	0
19425218	0	1	0
19432368	0	1	0
19441230	0	1	0
19456917	0	6	0
19475136	0	1	0
19515842	0	2	0
19526908	0	0	1
19569487	0	1	0
19575122	0	1	0
19613750	0	3	0
19724370	0	1	0
19730382	0	1	0
19730408	0	1	0
19730441	0	1	0
19730456	0	1	0
19730502	0	1	0
19730513	0	1	0
19751776	0	2	0
19782221	0	1	0
19818516	0	1	0
19844250	0	1	0
19846233	0	1	0
19848275	0	1	0
19851994	0	1	0
19852244	0	1	0
19892655	0	2	0
19919348	0	1	0
19927738	0	1	0
19929368	0	1	0
19933913	0	1	0
19988587	0	1	0
19999236	0	1	0
20029258	0	2	0
20091753	0	1	0
20094896	0	1	0
20105380	0	1	0
20131716	0	1	0
20142579	0	1	0
20153344	0	1	0
20175912	0	1	0
20182576	0	0	1
20188365	0	1	0
20209358	0	1	0
20233118	0	3	0
20271960	0	1	0
20287812	0	4	0
20328714	0	10	0
20345814	0	3	0
20352954	0	1	0
20364093	0	1	0
20374564	0	1	0
20393596	0	1	0
20403751	0	1	0
20408341	0	1	0
20409973	0	1	0
20421726	0	2	0
20443944	0	1	0
20490036	0	1	0
20499813	0	1	0
20531578	0	1	0
20536703	0	1	0
20550362	0	1	0
20569273	0	1	0
20584470	0	1	0
20584494	0	1	0
20589331	0	1	0
20592249	0	1	0
20612238	0	0	1
20631069	0	1	0
20665467	0	1	0
20701859	0	2	0
20749608	0	1	0
20753221	0	1	0
20754113	0	1	0
20767896	0	2	0
20787941	0	1	0
20808265	0	2	0
20833145	0	1	0
20844176	0	1	0
20858064	0	2	0
20872076	0	1	0
20889365	0	1	0
20907201	0	1	0
20910105	0	1	0
20917127	0	0	1
20928274	0	0	1
20940698	0	1	0
20957232	0	2	0
20965084	0	1	0
20970009	0	2	0
20978083	0	1	0
20980149	0	3	0
21003563	0	1	0
21020649	0	1	0
21023467	0	1	0
21131952	0	0	1
21184791	0	1	0
21200249	0	1	0
21201286	0	8	0
21233496	0	1	0
21298572	0	0	1
21314649	0	1	0
21334330	0	0	1
21363692	0	2	0
21373121	0	2	0
21373702	0	1	0
21386446	0	1	0
21398095	0	1	0
21417715	0	3	0
21438203	0	1	0
21459472	0	1	0
21495792	0	2	0
21543885	0	1	0
21561534	0	0	1
21573988	0	1	0
21633276	0	1	0
21670843	0	0	1
21675224	0	1	0
21697254	0	3	0
21757082	0	0	1
21822464	0	1	0
21828271	0	1	0
21832457	0	1	0
21834128	0	1	0
21860127	0	1	0
21885338	0	1	0
21905877	0	1	0
21907359	0	1	0
21914841	0	1	0
21936981	0	1	0
21958405	0	1	0
21967456	0	5	0
21986349	0	1	0
22054282	0	1	0
22065213	0	1	0
22154219	0	1	0
22157603	0	4	0
22159058	0	1	0
22192599	0	1	0
22197655	0	1	0
22198414	0	1	0
22224870	0	1	0
22247608	0	1	0
22278583	0	1	0
22289942	0	1	0
22295110	0	1	0
22348132	0	1	0
22446028	0	1	0
22450161	0	1	0
22460583	0	1	0
22469925	0	1	0
22520486	0	1	0
22668397	0	1	0
22691967	0	1	0
22764195	0	1	0
22884976	0	1	0
22890231	0	1	0
22901576	0	1	0
22905521	0	1	0
23045687	0	1	0
23059618	0	1	0
23062065	0	1	0
23081929	0	1	0
23090804	0	1	0
23101507	0	1	0
23106137	0	2	0
23106880	0	2	0
23153936	0	2	0
23156161	0	1	0
23182947	0	1	0
23185323	0	2	0
23195171	0	1	0
23209500	0	1	0
23227722	0	1	0
23238256	0	1	0
23303906	0	1	0
23311990	0	1	0
23312990	0	1	0
23328618	0	1	0
23332968	0	2	0
23370411	0	1	0
23412002	0	1	0
23451323	0	1	0
23493099	0	1	0
23507751	0	4	0
23545433	0	1	0
23549157	0	1	0
23674280	0	3	0
23705082	0	1	0
23714960	0	2	0
23751985	0	2	0
23767022	0	1	0
23769952	0	1	0
23774041	0	1	0
23796319	0	1	0
23851101	0	1	0
23860681	0	2	0
23914793	0	1	0
23915087	0	6	0
23970677	0	1	0
23972523	0	1	0
23973794	0	1	0
23982222	0	2	0
23988386	0	4	0
24111376	0	1	0
24123599	0	1	0
24125618	0	2	0
24129662	0	1	0
24143051	0	1	0
24145456	0	1	0
24146163	0	3	0
24158346	0	1	0
24166356	0	1	0
24190146	0	0	1
24229559	0	1	0
24233627	0	1	0
24371084	0	3	0
24374379	0	1	0
24388534	0	1	0
24388817	0	1	0
24422610	0	0	1
24483258	0	2	0
24486071	0	2	0
24578566	0	1	0
24581277	0	1	0
24596041	0	5	0
24596562	0	1	0
24628082	0	1	0
24654941	0	1	0
24682531	0	0	1
24722108	0	1	0
24742437	0	1	0
24764153	0	1	0
24835650	0	4	0
24902631	0	1	0
24913818	0	1	0
24918465	0	2	0
24981765	0	1	0
24990494	0	0	1
25040975	0	1	0
25103662	0	0	1
25113508	0	1	0
25114811	0	1	0
25170688	0	1	0
25196870	0	1	0
25201712	0	0	1
25212965	0	1	0
25239383	0	1	0
25297653	0	1	0
25312069	0	1	0
25361603	0	1	0
25372192	0	1	0
25384249	0	1	0
25445441	0	1	0
25449872	0	1	0
25453319	0	1	0
25478752	0	1	0
25491599	0	1	0
25522307	0	1	0
25560895	0	1	0
25576533	0	2	0
25609094	0	1	0
25609209	0	1	0
25618045	0	1	0
25624826	0	2	0
25635555	0	1	0
25645281	0	1	0
25649696	0	1	0
25669481	0	2	0
25680326	0	1	0
25685538	0	1	0
25746283	0	2	0
25771134	0	1	0
25779797	0	1	0
25789699	0	1	0
25815920	0	1	0
25883023	0	1	0
25885954	0	2	0
25890348	0	1	0
25905198	0	1	0
25912227	0	7	0
25930645	0	6	0
25940721	0	1	0
25956109	0	0	1
26065436	0	8	0
26068087	0	1	0
26071788	0	1	0
26081284	0	2	0
26107645	0	1	0
26123263	0	1	0
26133289	0	1	0
26154314	0	1	0
26194259	0	1	0
26368236	0	1	0
26418800	0	1	0
26431594	0	1	0
26439601	0	3	0
26445544	0	5	0
26476851	0	1	0
26494847	0	1	0
26494884	0	0	1
26503644	0	1	0
26531235	0	1	0
26533069	0	1	0
26543312	0	3	0
26549327	0	1	0
26604073	0	1	0
26611612	0	2	0
26638439	0	1	0
26664850	0	1	0
26678643	0	2	0
26680541	0	2	0
26697618	0	1	0
26726205	0	7	0
26732729	0	2	0
26738345	0	1	0
26740278	0	1	0
26819968	0	1	0
26825062	0	0	1
26885781	0	1	0
26945575	0	0	1
26955881	0	1	0
26985402	0	1	0
26989751	0	1	0
26999850	0	1	0
27035638	0	1	0
27064865	0	1	0
27137927	0	1	0
27142389	0	2	0
27148872	0	1	0
27152798	0	2	0
27162044	0	1	0
27162796	0	1	0
27193458	0	2	0
27214349	0	1	0
27271142	0	1	0
27276000	0	1	0
27288491	0	3	0
27304715	0	1	0
27326398	0	1	0
27331318	0	1	0
27371463	0	1	0
27384483	0	1	0
27399478	0	1	0
27401527	0	1	0
27414704	0	1	0
27428319	0	1	0
27438979	0	1	0
27465460	0	1	0
27500322	0	1	0
27510140	0	1	0
27521330	0	1	0
27542161	0	1	0
27545377	0	1	0
27546157	0	2	0
27573080	0	2	0
27588726	0	1	0
27667907	0	1	0
27705243	0	1	0
27708496	0	1	0
27785665	0	1	0
27803017	0	1	0
27805725	0	1	0
27845367	0	0	1
27898228	0	2	0
27910436	0	3	0
27932019	0	1	0
27941767	0	1	0
27998123	0	1	0
28032205	0	1	0
28103594	0	1	0
28167265	0	4	0
28174746	0	1	0
28185219	0	1	0
28243517	0	1	0
28276521	0	1	0
28291001	0	1	0
28356537	0	1	0
28420178	0	1	0
28423593	0	1	0
28489178	0	1	0
28555381	0	1	0
28573526	0	1	0
28635983	0	2	0
28656765	0	1	0
28708194	0	1	0
28733498	0	1	0
28736002	0	1	0
28770810	0	1	0
28783903	0	1	0
28811328	0	1	0
28848984	0	1	0
28916605	0	2	0
28947211	0	5	0
28959748	0	2	0
29002293	0	1	0
29023135	0	1	0
29027912	0	4	0
29064109	0	1	0
29106099	0	2	0
29118263	0	1	0
29119913	0	4	0
29119938	0	1	0
29136580	0	1	0
29220212	0	1	0
29248925	0	1	0
29261071	0	1	0
29293990	0	1	0
29295318	0	1	0
29299366	0	5	0
29331032	0	1	0
29341372	0	5	0
29348830	0	1	0
29370558	0	1	0
29429404	0	1	0
29443263	0	1	0
29447415	0	2	0
29475838	0	1	0
29477954	0	5	0
29499882	0	2	0
29500267	0	1	0
29550424	0	5	0
29569540	0	1	0
29570388	0	1	0
29625148	0	1	0
29670993	0	1	0
29679298	0	2	0
29706923	0	1	0
29811484	0	4	0
29814048	0	1	0
29821930	0	1	0
29833896	0	4	0
29857014	0	2	0
29877607	0	1	0
29877752	0	2	0
29909772	0	1	0
29914408	0	1	0
29915899	0	1	0
29939119	0	1	0
29956044	0	1	0
29974304	0	4	0
29986022	0	1	0
30013605	0	1	0
30023662	0	1	0
30037236	0	1	0
30054155	0	1	0
30105343	0	1	0
30134289	0	4	0
30147819	0	1	0
30154669	0	1	0
30179500	0	1	0
30180001	0	1	0
30188213	0	1	0
30190688	0	1	0
30191175	0	1	0
30202052	0	1	0
30207422	0	0	1
30216264	0	1	0
30219071	0	1	0
30308720	0	1	0
30312046	0	1	0
30345039	0	1	0
30349799	0	2	0
30365921	0	2	0
30373597	0	3	0
30374486	0	1	0
30387396	0	1	0
30428913	0	3	0
30441375	0	1	0
30466450	0	1	0
30476815	0	1	0
30482494	0	2	0
30539176	0	1	0
30544352	0	6	0
30547620	0	4	0
30573973	0	1	0
30588740	0	1	0
30637832	0	4	0
30653081	0	1	0
30700879	0	2	0
30709357	0	1	0
30726684	0	1	0
30728080	0	1	0
30774319	0	1	0
30806107	0	1	0
30835214	0	1	0
30853168	0	2	0
30968079	0	1	0
30980672	0	1	0
31018456	0	1	0
31082233	0	1	0
31099667	0	1	0
31100944	0	1	0
31193249	0	4	0
31274068	0	4	0
31288628	0	5	0
31385738	0	2	0
31433833	0	3	0
31446299	0	1	0
31447063	0	1	0
31489796	0	1	0
31507057	0	1	0
31514103	0	1	0
31525416	0	1	0
31622183	0	1	0
31664539	0	4	0
31673940	0	0	1
31691837	0	2	0
31714082	0	1	0
31725284	0	1	0
31725541	0	1	0
31754458	0	6	0
31781406	0	1	0
31808039	0	4	0
31818255	0	1	0
31855751	0	1	0
31874864	0	2	0
31889538	0	3	0
31928404	0	1	0
31933110	0	3	0
31954173	0	1	0
32005869	0	1	0
32022759	0	3	0
32046724	0	1	0
32056849	0	1	0
32107959	0	1	0
32152379	0	1	0
32227910	0	1	0
32251886	0	1	0
32332202	0	0	1
32364818	0	1	0
32427973	0	1	0
32439439	0	0	1
32537036	0	1	0
32541709	0	1	0
32542952	0	1	0
32621948	0	1	0
32680369	0	1	0
32730538	0	1	0
32778182	0	1	0
32784737	0	1	0
32788630	0	1	0
32815624	0	1	0
32820234	0	1	0
32830103	0	1	0
32849801	0	1	0
32856666	0	1	0
32856990	0	3	0
32867662	0	1	0
32881801	0	1	0
32916070	0	1	0
32926206	0	1	0
32927732	0	1	0
32962057	0	1	0
32969159	0	1	0
33003693	0	1	0
33008165	0	4	0
33018307	0	1	0
33038003	0	3	0
33091026	0	0	1
33134640	0	1	0
33139013	0	1	0
33188162	0	2	0
33196554	0	1	0
33250390	0	2	0
33261116	0	1	0
33274061	0	3	0
33338659	0	1	0
33349981	0	1	0
33389667	0	1	0
33457232	0	1	0
33462292	0	1	0
33465875	0	5	0
33474683	0	3	0
33499949	0	1	0
33501754	0	1	0
33580839	0	2	0
33616645	0	1	0
33619293	0	1	0
33705081	0	1	0
33734228	0	3	0
33793385	0	1	0
33812886	0	1	0
33820247	0	1	0
33840979	0	1	0
33851884	0	1	0
33900444	0	2	0
33902096	0	1	0
33927435	0	1	0
33928644	0	1	0
33968312	0	1	0
33981304	0	1	0
33990638	0	1	0
34013967	0	4	0
34048089	0	1	0
34075829	0	1	0
34093826	0	1	0
34093829	0	1	0
34127777	0	1	0
34136916	0	1	0
34163691	0	1	0
34175960	0	1	0
34182596	0	1	0
34231179	0	3	0
34288273	0	1	0
34291261	0	1	0
34342209	0	1	0
34376264	0	1	0
34377039	0	1	0
34398289	0	3	0
34465603	0	2	0
34503163	0	1	0
34525654	0	2	0
34538386	0	1	0
34539112	0	2	0
34563847	0	2	0
34566505	0	1	0
34567414	0	1	0
34592980	0	1	0
34619648	0	2	0
34640804	0	1	0
34665499	0	1	0
34678160	0	1	0
34689611	0	1	0
34696705	0	1	0
34703042	0	1	0
34714934	0	1	0
34775355	0	1	0
34807488	0	1	0
34811629	0	1	0
34813759	0	1	0
34858562	0	1	0
34876567	0	1	0
34912919	0	1	0
34928235	0	1	0
34955552	0	2	0
34976927	0	1	0
34985071	0	1	0
34985484	0	1	0
34990132	0	1	0
34991338	0	1	0
34993069	0	1	0
35023664	0	1	0
35023665	0	1	0
35035333	0	1	0
35045034	0	1	0
35045943	0	1	0
35049234	0	1	0
35106992	0	1	0
35154295	0	2	0
35186024	0	1	0
35215652	0	1	0
35265224	0	2	0
35285545	0	1	0
35294240	0	1	0
35364749	0	1	0
35366899	0	1	0
35384115	0	1	0
35446860	0	1	0
35467618	0	1	0
35474964	0	1	0
35522724	0	0	1
35536246	0	1	0
35574809	0	1	0
35577936	0	1	0
35615146	0	1	0
35662844	0	1	0
35679004	0	1	0
35694937	0	3	0
35709283	0	1	0
35715399	0	1	0
35726747	0	2	0
35735675	0	1	0
35790621	0	1	0
35794671	0	1	0
35809712	0	3	0
35820572	0	1	0
35833428	0	1	0
35841506	0	7	0
35880338	0	3	0
35899743	0	1	0
35919827	0	1	0
35938903	0	1	0
35945614	0	1	0
35960787	0	1	0
35985596	0	1	0
35990015	0	1	0
35999946	0	2	0
36000935	0	2	0
36048497	0	1	0
36071903	0	1	0
36072081	0	1	0
36117775	0	1	0
36123426	0	1	0
36152383	0	1	0
36189244	0	2	0
36211339	0	1	0
36231253	0	1	0
36314405	0	1	0
36331026	0	1	0
36393868	0	1	0
36398072	0	1	0
36430492	0	1	0
36434269	0	2	0
36457716	0	6	0
36468347	0	2	0
36505280	0	1	0
36588233	0	3	0
36693091	0	2	0
36693294	0	1	0
36694348	0	1	0
36789389	0	2	0
36809597	0	1	0
36859462	0	3	0
36860280	0	2	0
36868495	0	1	0
36870841	0	1	0
36892847	0	1	0
36959472	0	1	0
36963967	0	1	0
36994880	0	0	1
37003057	0	5	0
37071935	0	4	0
37121305	0	1	0
37136736	0	1	0
37146759	0	3	0
37168789	0	1	0
37192457	0	1	0
37235158	0	1	0
37292291	0	1	0
37442865	0	1	0
37446087	0	1	0
37456061	0	1	0
37582742	0	2	0
37583959	0	1	0
37621102	0	1	0
37643591	0	1	0
37674099	0	1	0
37721121	0	6	0
37724116	0	2	0
37751787	0	1	0
37768733	0	1	0
37778117	0	2	0
37789763	0	1	0
37800400	0	2	0
37801458	0	1	0
37808030	0	4	0
37823042	0	1	0
37864942	0	0	1
37878424	0	1	0
37887489	0	1	0
37896389	0	1	0
37943575	0	1	0
38007856	0	3	0
38089624	0	0	1
38185383	0	1	0
38220806	0	4	0
38226843	0	2	0
38265713	0	1	0
38272812	0	2	0
38288089	0	1	0
38291555	0	1	0
38300157	0	2	0
38337917	0	1	0
38371940	0	1	0
38412906	0	1	0
38413096	0	1	0
38432582	0	2	0
38490752	0	1	0
38496586	0	3	0
38509828	0	1	0
38529324	0	1	0
38532395	0	1	0
38618457	0	1	0
38697983	0	4	0
38724206	0	1	0
38758892	0	1	0
38763838	0	1	0
38788878	0	1	0
38826032	0	1	0
38829611	0	1	0
38871028	0	3	0
38902473	0	2	0
38921841	0	4	0
38977026	0	1	0
38994119	0	1	0
39006622	0	2	0
39027209	0	1	0
39040412	0	4	0
39043248	0	1	0
39111717	0	1	0
39154072	0	1	0
39183137	0	1	0
39203215	0	1	0
39205321	0	1	0
39229757	0	1	0
39233019	0	1	0
39276803	0	1	0
39325445	0	4	0
39391675	0	0	1
39443165	0	1	0
39466624	0	0	1
39479606	0	1	0
39492586	0	1	0
39498783	0	1	0
39526700	0	1	0
39527433	0	1	0
39559930	0	3	0
39591603	0	1	0
39649364	0	1	0
39654712	0	1	0
39658290	0	1	0
39677073	0	1	0
39677248	0	1	0
39694058	0	1	0
39720614	0	1	0
39727359	0	3	0
39754652	0	1	0
39791822	0	1	0
39815395	0	1	0
39843182	0	1	0
39847203	0	1	0
39852374	0	1	0
39870954	0	1	0
39919622	0	2	0
39922918	0	1	0
39996255	0	1	0
40037602	0	1	0
40116996	0	1	0
40130643	0	1	0
40164042	0	1	0
40168682	0	1	0
40201294	0	1	0
40267658	0	1	0
40338853	0	2	0
40375341	0	5	0
40387782	0	1	0
40419763	0	1	0
40438468	0	1	0
40500378	0	1	0
40551386	0	13	0
40573651	0	1	0
40621002	0	1	0
40645739	0	1	0
40659907	0	1	0
40675343	0	4	0
40782777	0	1	0
40805796	0	1	0
40839305	0	1	0
40861206	0	1	0
40866316	0	1	0
40918681	0	1	0
40921972	0	2	0
40948029	0	1	0
40960283	0	1	0
40967794	0	1	0
40987773	0	1	0
41025050	0	1	0
41077837	0	1	0
41083762	0	2	0
41106286	0	1	0
41273462	0	1	0
41284461	0	1	0
41288811	0	1	0
41318144	0	1	0
41330617	0	1	0
41364762	0	3	0
41395028	0	4	0
41399714	0	1	0
41474013	0	3	0
41497995	0	3	0
41502380	0	1	0
41566253	0	1	0
41601295	0	1	0
41607807	0	1	0
41620785	0	1	0
41746435	0	1	0
41781785	0	7	0
41785102	0	1	0
41905995	0	1	0
42013575	0	1	0
42051349	0	1	0
42063932	0	1	0
42093915	0	1	0
42124030	0	2	0
42163063	0	2	0
42193950	0	1	0
42198878	0	2	0
42222142	0	1	0
42372056	0	1	0
42413292	0	1	0
42482915	0	1	0
42487860	0	1	0
42510303	0	1	0
42510917	0	1	0
42565099	0	1	0
42597469	0	2	0
42612533	0	1	0
42656588	0	1	0
42702242	0	1	0
42743497	0	1	0
42789601	0	1	0
42827327	0	1	0
42846147	0	1	0
42848443	0	1	0
42849524	0	2	0
42931851	0	1	0
42989239	0	2	0
43052493	0	1	0
43082481	0	1	0
43126076	0	1	0
43137496	0	1	0
43160293	0	2	0
43330340	0	1	0
43335191	0	8	0
43335242	0	1	0
43353902	0	7	0
43368977	0	1	0
43400773	0	1	0
43408386	0	1	0
43421304	0	1	0
43423444	0	1	0
43463295	0	2	0
43488204	0	1	0
43508250	0	1	0
43541561	0	2	0
43562967	0	1	0
43567398	0	2	0
43598487	0	1	0
43606569	0	0	1
43618560	0	1	0
43631297	0	1	0
43638647	0	1	0
43644836	0	2	0
43752105	0	1	0
43778743	0	1	0
43827445	0	0	1
43872234	0	1	0
43885837	0	1	0
43891838	0	3	0
43911254	0	2	0
43921467	0	1	0
44016143	0	0	1
44016153	0	0	1
44035811	0	1	0
44076169	0	1	0
44079682	0	1	0
44173159	0	1	0
44185137	0	1	0
44206324	0	6	0
44215052	0	1	0
44223242	0	1	0
44224578	0	5	0
44238960	0	1	0
44267965	0	2	0
44269561	0	1	0
44281748	0	1	0
44284709	0	1	0
44308186	0	1	0
44316355	0	1	0
44365192	0	2	0
44383784	0	3	0
44420764	0	5	0
44435608	0	5	0
44467456	0	0	2
44573474	0	1	0
44580401	0	0	2
44587625	0	3	0
44594455	0	1	0
44607775	0	1	0
44618831	0	1	0
44669513	0	1	0
44704254	0	1	0
44712250	0	1	0
44746394	0	1	0
44752068	0	1	0
44754066	0	1	0
44758044	0	1	0
44786509	0	1	0
44795484	0	1	0
44838616	0	1	0
44883348	0	1	0
44915609	0	1	0
45013256	0	1	0
45015737	0	2	0
45054148	0	1	0
45127219	0	1	0
45142265	0	1	0
45171974	0	1	0
45212005	0	1	0
45215529	0	1	0
45228644	0	1	0
45230656	0	1	0
45231538	0	1	0
45242388	0	1	0
45264516	0	2	0
45351084	0	1	0
45391260	0	1	0
45403560	0	2	0
45464708	0	1	0
45504150	0	1	0
45521268	0	1	0
45561844	0	1	0
45593797	0	1	0
45655026	0	1	0
45656025	0	1	0
45665231	0	1	0
45684437	0	1	0
45692724	0	2	0
45719358	0	10	0
45727516	0	1	0
45784746	0	1	0
45807843	0	1	0
45853025	0	1	0
45853931	0	1	0
45854249	0	1	0
45859952	0	1	0
45893549	0	1	0
45998015	0	1	0
46002790	0	4	0
46097241	0	1	0
46103379	0	1	0
46136005	0	1	0
46160693	0	4	0
46197693	0	1	0
46198235	0	1	0
46256119	0	1	0
46260719	0	1	0
46322981	0	1	0
46327316	0	1	0
46354821	0	1	0
46410686	0	1	0
46434090	0	1	0
46462479	0	2	0
46481635	0	1	0
46546803	0	2	0
46570164	0	1	0
46586804	0	1	0
46644614	0	0	1
46666863	0	1	0
46708652	0	1	0
46739886	0	2	0
46763874	0	6	0
46765552	0	2	0
46785405	0	1	0
46816312	0	1	0
46869077	0	1	0
46969316	0	1	0
46987113	0	1	0
47029870	0	1	0
47047320	0	2	0
47049060	0	1	0
47127458	0	1	0
47135533	0	1	0
47160586	0	1	0
47161004	0	1	0
47190742	0	1	0
47236036	0	4	0
47244449	0	1	0
47253524	0	1	0
47269924	0	1	0
47278936	0	1	0
47281540	0	1	0
47291346	0	1	0
47340032	0	1	0
47353761	0	1	0
47372250	0	1	0
47372436	0	1	0
47397565	0	1	0
47415597	0	2	0
47449031	0	1	0
47452230	0	1	0
47472385	0	1	0
47477807	0	1	0
47498979	0	1	0
47520520	0	1	0
47528774	0	1	0
47555352	0	7	0
47579818	0	4	0
47593004	0	1	0
47603336	0	1	0
47620178	0	1	0
47631546	0	1	0
47684251	0	1	0
47798941	0	1	0
47822783	0	0	1
47822841	0	0	1
47823006	0	0	1
47824003	0	2	0
47825263	0	1	0
47826026	0	3	0
47828861	0	1	0
47847890	0	3	0
47865793	0	1	0
47868458	0	1	0
47872103	0	1	0
47912931	0	2	0
47942668	0	1	0
47946081	0	1	0
47947423	0	0	1
48057250	0	1	0
48079047	0	1	0
48104225	0	1	0
48140675	0	1	0
48140732	0	1	0
48153027	0	5	0
48182780	0	2	0
48207611	0	1	0
48224143	0	2	0
48230425	0	1	0
48302027	0	1	0
48323385	0	1	0
48325381	0	1	0
48326266	0	1	0
48327789	0	4	0
48346394	0	1	0
48363724	0	1	0
48365179	0	1	0
48378180	0	3	0
48431591	0	1	0
48458453	0	1	0
48502749	0	2	0
48535373	0	1	0
48551273	0	1	0
48571528	0	1	0
48579051	0	1	0
48590527	0	2	0
48593018	0	1	0
48631553	0	1	0
48649789	0	1	0
48658279	0	1	0
48675564	0	0	1
48683432	0	1	0
48685465	0	2	0
48700983	0	1	0
48731751	0	1	0
48753172	0	1	0
48769098	0	1	0
48776969	0	1	0
48784248	0	1	0
48789245	0	1	0
48799014	0	1	0
48859167	0	1	0
48921010	0	1	0
48925993	0	1	0
48928486	0	4	0
48931169	0	2	0
48954904	0	1	0
49003896	0	1	0
49011298	0	1	0
49021505	0	1	0
49116109	0	0	1
49139129	0	1	0
49143156	0	1	0
49155550	0	1	0
49169851	0	2	0
49244698	0	1	0
49252157	0	1	0
49261285	0	1	0
49273134	0	1	0
49276965	0	1	0
49394584	0	1	0
49435669	0	1	0
49436506	0	1	0
49438405	0	1	0
49518488	0	1	0
49533913	0	1	0
49571410	0	3	0
49572780	0	1	0
49584242	0	1	0
49586972	0	1	0
49612130	0	1	0
49636101	0	1	0
49729190	0	1	0
49783538	0	1	0
49798076	0	2	0
49816163	0	1	0
49832328	0	2	0
49843798	0	6	0
49853812	0	1	0
49884886	0	1	0
49956157	0	3	0
50016368	0	1	0
50079132	0	1	0
50158474	0	0	1
50164779	0	1	0
50165162	0	3	0
50171182	0	4	0
50183751	0	5	0
50222793	0	1	0
50289447	0	1	0
50354897	0	1	0
50401982	0	1	0
50403879	0	1	0
50406636	0	1	0
50432665	0	2	0
50469267	0	2	0
50511559	0	1	0
50542083	0	1	0
50543407	0	1	0
50546861	0	3	0
50566755	0	1	0
50568388	0	1	0
50568856	0	3	0
50580346	0	1	0
50604924	0	1	0
50648582	0	1	0
50661376	0	1	0
50677101	0	1	0
50677174	0	1	0
50704583	0	5	0
50712796	0	1	0
50712905	0	1	0
50749011	0	1	0
50796615	0	1	0
50824901	0	1	0
50886945	0	1	0
50917086	0	1	0
50956156	0	1	0
50984652	0	3	0
50999078	0	1	0
51037705	0	1	0
51170340	0	1	0
51193035	0	1	0
51194432	0	2	0
51206263	0	1	0
51367712	0	1	0
51381859	0	1	0
51459135	0	2	0
51518192	0	1	0
51523508	0	3	0
51675204	0	1	0
51720476	0	1	0
51837482	0	1	0
51881845	0	1	0
52007227	0	1	0
52038412	0	1	0
52115812	0	3	0
52120256	0	0	1
52124034	0	1	0
52125405	0	1	0
52133230	0	1	0
52173221	0	1	0
52188825	0	1	0
52236148	0	1	0
52256425	0	1	0
52290318	0	1	0
52316951	0	1	0
52370751	0	1	0
52382469	0	1	0
52531590	0	1	0
52538640	0	1	0
52538656	0	1	0
52544506	0	1	0
52551814	0	1	0
52597448	0	2	0
52634364	0	4	0
52654711	0	1	0
52654900	0	1	0
52664872	0	1	0
52667367	0	1	0
52690746	0	1	0
52733712	0	1	0
52738692	0	4	0
52756226	0	1	0
52766383	0	1	0
52770095	0	1	0
52796296	0	1	0
52810610	0	1	0
52892478	0	2	0
52940086	0	1	0
52982807	0	5	0
53035983	0	3	0
53057267	0	1	0
53060552	0	1	0
53099534	0	1	0
53124950	0	1	0
53138573	0	1	0
53185322	0	0	1
53203503	0	1	0
53230861	0	1	0
53236388	0	1	0
53278266	0	0	1
53278476	0	1	0
53357196	0	1	0
53418438	0	1	0
53437628	0	9	0
53443389	0	1	0
53493711	0	1	0
53567059	0	1	0
53610770	0	2	0
53617855	0	1	0
53629003	0	1	0
53639613	0	1	0
53684397	0	1	0
53713212	0	1	0
53720611	0	1	0
53856578	0	0	1
53856674	0	1	0
53902638	0	1	0
53915625	0	3	0
53927496	0	1	0
53953633	0	1	0
53953818	0	1	0
54003499	0	4	0
54041406	0	1	0
54097264	0	1	0
54110179	0	1	0
54113626	0	1	0
54131912	0	1	0
54132453	0	2	0
54245290	0	1	0
54259547	0	2	0
54264633	0	1	0
54270295	0	1	0
54279419	0	1	0
54301650	0	2	0
54327802	0	0	1
54358428	0	1	0
54385372	0	1	0
54407987	0	5	0
54491016	0	1	0
54492042	0	1	0
54502350	0	3	0
54566118	0	1	0
54676715	0	1	0
54681889	0	1	0
54697944	0	1	0
54713619	0	2	0
54723393	0	1	0
54730377	0	1	0
54754557	0	1	0
54763844	0	1	0
54767952	0	1	0
54787060	0	1	0
54824992	0	1	0
54828547	0	1	0
54839927	0	1	0
54878323	0	4	0
54985175	0	9	0
55004441	0	0	1
55064827	0	1	0
55079808	0	1	0
55154665	0	0	1
55192240	0	1	0
55241232	0	1	0
55329090	0	1	0
55357493	0	3	0
55360887	0	1	0
55377302	0	1	0
55400297	0	1	0
55428804	0	1	0
55436397	0	1	0
55467247	0	1	0
55481493	0	1	0
55519912	0	1	0
55651680	0	1	0
55655009	0	1	0
55660700	0	0	1
55687488	0	1	0
55751628	0	1	0
55759757	0	1	0
55770186	0	1	0
55785973	0	1	0
55839310	0	1	0
55893861	0	1	0
55920701	0	1	0
56023086	0	1	0
56050312	0	1	0
56094459	0	1	0
56096140	0	1	0
56146228	0	1	0
56163262	0	1	0
56219171	0	1	0
56241562	0	2	0
56298395	0	1	0
56299464	0	1	0
56305801	0	1	0
56334238	0	0	1
56363057	0	1	0
56401763	0	1	0
56425280	0	1	0
56466640	0	1	0
56484443	0	1	0
56531287	0	8	0
56631565	0	1	0
56690430	0	1	0
56718391	0	1	0
56722723	0	1	0
56729393	0	1	0
56821361	0	1	0
56829402	0	2	0
56895508	0	1	0
56908973	0	1	0
56976463	0	0	1
56979238	0	1	0
57027781	0	1	0
57044624	0	1	0
57159190	0	1	0
57186757	0	0	1
57218777	0	1	0
57228217	0	3	0
57229919	0	1	0
57327143	0	1	0
57334996	0	1	0
57485657	0	1	0
57504985	0	1	0
57512579	0	3	0
57557670	0	0	1
57596867	0	0	1
57610185	0	1	0
57663335	0	1	0
57672396	0	1	0
57707630	0	1	0
57741987	0	2	0
57754767	0	4	0
57769538	0	1	0
57796910	0	1	0
57877814	0	3	0
57937749	0	1	0
57958745	0	2	0
58043251	0	1	0
58106598	0	1	0
58114023	0	1	0
58204169	0	1	0
58335913	0	2	0
58363101	0	1	0
58437322	0	1	0
58449275	0	1	0
58460523	0	1	0
58500051	0	5	0
58579996	0	1	0
58581332	0	1	0
58606969	0	1	0
58712093	0	1	0
58712101	0	1	0
58797729	0	1	0
58844243	0	1	0
58893743	0	1	0
58932427	0	1	0
59017897	0	1	0
59026961	0	2	0
59077644	0	1	0
59106009	0	1	0
59128435	0	1	0
59150024	0	1	0
59310332	0	1	0
59340865	0	1	0
59375119	0	3	0
59400968	0	3	0
59407844	0	3	0
59466097	0	2	0
59500353	0	1	0
59517576	0	1	0
59519958	0	4	0
59533469	0	1	0
59538852	0	1	0
59550827	0	1	0
59555495	0	1	0
59585912	0	1	0
59607807	0	1	0
59648489	0	1	0
59665163	0	1	0
59745213	0	1	0
59754732	0	1	0
59764503	0	1	0
59778567	0	1	0
59790148	0	1	0
59853780	0	1	0
59890427	0	1	0
59893655	0	2	0
59902688	0	1	0
59938411	0	1	0
60026627	0	3	0
60038283	0	1	0
60069816	0	1	0
60164307	0	1	0
60179408	0	1	0
60199045	0	2	0
60240616	0	1	0
60276901	0	1	0
60329014	0	3	0
60337147	0	1	0
60459900	0	1	0
60461545	0	1	0
60534253	0	1	0
60548417	0	1	0
60639886	0	1	0
60696715	0	1	0
60842361	0	2	0
60919210	0	2	0
60958499	0	1	0
60982673	0	1	0
61058529	0	1	0
61077463	0	1	0
61107012	0	1	0
61123936	0	1	0
61247737	0	1	0
61309531	0	2	0
61340749	0	1	0
61390757	0	1	0
61415757	0	1	0
61444147	0	0	1
61457308	0	0	1
61484191	0	1	0
61527101	0	3	0
61591721	0	1	0
61673445	0	1	0
61761888	0	5	0
61800495	0	1	0
61872120	0	1	0
61912850	0	2	0
61914049	0	1	0
61943239	0	1	0
62037502	0	2	0
62069607	0	5	0
62200053	0	7	0
62251215	0	1	0
62294674	0	1	0
62359037	0	7	0
62368032	0	1	0
62380394	0	1	0
62381330	0	1	0
62497378	0	1	0
62562864	0	1	0
62578123	0	1	0
62580362	0	2	0
62581950	0	2	0
62590378	0	1	0
62663524	0	1	0
62770869	0	1	0
62806546	0	1	0
62865779	0	1	0
62902746	0	1	0
62902803	0	1	0
62923105	0	0	1
63023431	0	1	0
63026368	0	1	0
63040896	0	2	0
63047941	0	1	0
63078746	0	1	0
63148199	0	1	0
63172526	0	1	0
63176856	0	3	0
63187315	0	1	0
63216531	0	1	0
63226314	0	1	0
63251751	0	1	0
63364288	0	1	0
63465632	0	1	0
63495285	0	5	0
63538577	0	1	0
63610894	0	1	0
63644502	0	2	0
63660494	0	1	0
63768113	0	2	0
63775585	0	4	0
63804811	0	2	0
63960880	0	1	0
63973950	0	1	0
63980589	0	2	0
64063680	0	1	0
64064451	0	1	0
64088651	0	2	0
64198967	0	1	0
64250195	0	1	0
64270719	0	1	0
64274988	0	1	0
64314088	0	2	0
64340378	0	1	0
64365059	0	1	0
64389087	0	1	0
64431023	0	1	0
64442913	0	1	0
64479752	0	1	0
64505995	0	1	0
64578468	0	1	0
64605752	0	1	0
64678388	0	1	0
64708378	0	1	0
64724502	0	1	0
64787902	0	1	0
64836533	0	2	0
64850132	0	1	0
64897636	0	1	0
64943240	0	1	0
64989861	0	1	0
65000754	0	1	0
65037713	0	3	0
65102387	0	3	0
65105784	0	1	0
65155475	0	1	0
65179135	0	1	0
65186869	0	2	0
65215631	0	1	0
65218180	0	3	0
65240412	0	3	0
65244701	0	1	0
65249195	0	4	0
65318170	0	1	0
65327147	0	4	0
65333746	0	1	0
65390675	0	1	0
65390677	0	2	0
65453506	0	0	1
65484850	0	1	0
65486514	0	3	0
65553672	0	1	0
65590708	0	2	0
65698179	0	1	0
65712086	0	1	0
65738136	0	1	0
65746872	0	1	0
65804804	0	4	0
65812009	0	1	0
65942745	0	6	0
65956866	0	1	0
66025296	0	1	0
66028204	0	2	0
66060306	0	0	1
66083681	0	1	0
66090162	0	1	0
66116579	0	2	0
66128346	0	1	0
66206004	0	2	0
66244018	0	1	0
66419396	0	1	0
66472273	0	5	0
66523029	0	2	0
66554993	0	1	0
66593394	0	1	0
66759686	0	0	1
66762357	0	0	1
66767553	0	1	0
66887207	0	3	0
66950576	0	1	0
66967441	0	1	0
66970209	0	1	0
66980937	0	1	0
66986487	0	2	0
66986838	0	1	0
66997184	0	1	0
67031237	0	1	0
67066598	0	1	0
67088832	0	1	0
67158625	0	2	0
67245452	0	2	0
67245526	0	2	0
67245532	0	1	0
67292201	0	2	0
67304922	0	1	0
67322948	0	1	0
67341074	0	0	1
67345327	0	1	0
67366086	0	1	0
67378489	0	1	0
67467652	0	1	0
67544616	0	1	0
67607123	0	1	0
67634631	0	1	0
67661423	0	1	0
67666012	0	2	0
67764991	0	2	0
67879331	0	1	0
67888215	0	2	0
67916785	0	1	0
67971687	0	1	0
68028074	0	3	0
68056423	0	1	0
68072521	0	1	0
68168686	0	1	0
68183411	0	1	0
68201882	0	1	0
68231895	0	2	0
68237412	0	1	0
68270225	0	1	0
68328400	0	1	0
68401085	0	1	0
68496684	0	1	0
68510458	0	1	0
68527452	0	2	0
68558573	0	1	0
68569539	0	1	0
68620755	0	2	0
68628091	0	1	0
68717945	0	1	0
68719010	0	1	0
68735770	0	1	0
68736648	0	1	0
68827634	0	1	0
68840627	0	1	0
68947838	0	1	0
68962131	0	1	0
69001468	0	1	0
69108238	0	1	0
69115857	0	10	0
69316954	0	1	0
69317652	0	1	0
69322689	0	0	1
69354019	0	1	0
69563086	0	1	0
69820459	0	1	0
69847759	0	1	0
69913374	0	2	0
69915830	0	1	0
69994603	0	1	0
70019744	0	0	1
70052532	0	1	0
70061642	0	2	0
70166379	0	2	0
70261072	0	1	0
70312554	0	1	0
70351489	0	2	0
70378629	0	1	0
70404213	0	1	0
70555660	0	1	0
70571680	0	6	0
70571990	0	1	0
70595515	0	4	0
70654966	0	5	0
70690832	0	1	0
70720293	0	1	0
70727086	0	1	0
70830189	0	1	0
70938032	0	5	0
70951008	0	1	0
70969340	0	1	0
71011772	0	1	0
71022637	0	1	0
71049221	0	1	0
71121293	0	1	0
71132784	0	1	0
71132840	0	1	0
71167381	0	1	0
71269375	0	3	0
71381394	0	2	0
71381447	0	1	0
71410756	0	1	0
71463935	0	1	0
71482425	0	1	0
71532456	0	1	0
71568985	0	1	0
71610413	0	1	0
71678402	0	1	0
71794136	0	2	0
71832665	0	2	0
71844534	0	1	0
71867235	0	1	0
71869053	0	1	0
71878634	0	1	0
71897354	0	1	0
71904135	0	1	0
71914864	0	1	0
71953988	0	1	0
71988766	0	1	0
72123239	0	1	0
72197489	0	1	0
72258292	0	4	0
72276185	0	1	0
72304533	0	1	0
72338622	0	2	0
72375085	0	1	0
72378435	0	1	0
72408668	0	1	0
72441503	0	1	0
72442078	0	1	0
72564473	0	1	0
72565259	0	1	0
72578856	0	7	0
72651480	0	1	0
72694231	0	1	0
72877405	0	3	0
72896513	0	1	0
72949790	0	1	0
73048243	0	2	0
73051043	0	1	0
73065633	0	1	0
73145361	0	1	0
73215954	0	0	1
73236293	0	1	0
73396275	0	2	0
73475785	0	2	0
73510460	0	2	0
73550199	0	3	0
73611858	0	1	0
73627314	0	1	0
73709616	0	1	0
73713011	0	2	0
73751073	0	1	0
73806329	0	1	0
73834214	0	1	0
73906921	0	1	0
73928368	0	1	0
73936423	0	4	0
74096319	0	1	0
74183915	0	1	0
74316375	0	1	0
74518213	0	1	0
74573809	0	1	0
74581769	0	1	0
74611940	0	7	0
74844305	0	1	0
74848025	0	1	0
74855542	0	1	0
74883836	0	1	0
74934092	0	2	0
74995162	0	1	0
75005240	0	1	0
75039150	0	3	0
75067088	0	1	0
75070608	0	2	0
75091380	0	1	0
75233245	0	1	0
75237128	0	1	0
75302866	0	4	0
75308725	0	1	0
75316481	0	1	0
75365195	0	2	0
75417667	0	1	0
75453690	0	1	0
75458707	0	1	0
75467583	0	1	0
75500936	0	1	0
75533930	0	1	0
75566581	0	1	0
75589900	0	1	0
75607962	0	1	0
75645407	0	3	0
75723010	0	2	0
75725495	0	3	0
75809277	0	0	1
75830708	0	2	0
75894215	0	1	0
75899980	0	2	0
76094154	0	1	0
76107493	0	1	0
76225415	0	1	0
76240599	0	1	0
76248717	0	1	0
76249692	0	1	0
76249693	0	7	0
76268370	0	1	0
76280086	0	1	0
76347669	0	3	0
76457292	0	3	0
76503934	0	1	0
76512514	0	1	0
76622670	0	1	0
76762135	0	1	0
76772605	0	1	0
76772609	0	1	0
76772610	0	2	0
76772612	0	1	0
76772628	0	1	0
76891375	0	1	0
76929717	0	6	0
76995838	0	1	0
77054165	0	1	0
77071731	0	1	0
77108669	0	1	0
77184002	0	4	0
77207068	0	4	0
77213606	0	1	0
77244173	0	1	0
77311182	0	1	0
77316901	0	1	0
77334766	0	1	0
77401551	0	1	0
77442976	0	1	0
77486649	0	1	0
77618367	0	1	0
77660299	0	1	0
77707937	0	1	0
77732501	0	1	0
77983402	0	2	0
77995321	0	1	0
78076018	0	1	0
78202812	0	1	0
78280036	0	1	0
78298972	0	4	0
78439294	0	1	0
78448667	0	2	0
78455219	0	1	0
78455687	0	1	0
78475361	0	1	0
78475405	0	1	0
78475415	0	1	0
78475475	0	1	0
78475483	0	1	0
78528190	0	1	0
78534146	0	1	0
78628042	0	2	0
78640287	0	1	0
78668296	0	1	0
78685460	0	1	0
78754430	0	1	0
78839827	0	1	0
78855764	0	3	0
78954886	0	1	0
78965574	0	0	1
78973724	0	1	0
79016724	0	0	1
79148914	0	1	0
79211430	0	1	0
79250101	0	1	0
79290026	0	1	0
79329860	0	1	0
79388434	0	1	0
79426848	0	2	0
79457768	0	1	0
79457769	0	1	0
79563295	0	1	0
79632514	0	1	0
79633664	0	4	0
79678812	0	1	0
79703726	0	1	0
79741936	0	0	1
79802568	0	1	0
79846176	0	1	0
79946362	0	1	0
79982317	0	1	0
80040704	0	1	0
80138905	0	1	0
80204426	0	1	0
80211103	0	1	0
80236957	0	2	0
80329465	0	2	0
80382766	0	7	0
80479463	0	2	0
80489916	0	0	1
80500198	0	0	1
80520439	0	1	0
80581739	0	1	0
80651890	0	1	0
80682027	0	3	0
80732787	0	2	0
80843705	0	1	0
81050293	0	1	0
81072113	0	3	0
81090840	0	0	1
81104549	0	1	0
81171205	0	1	0
81272963	0	1	0
81277513	0	1	0
81285952	0	1	0
81323800	0	2	0
81336631	0	0	1
81366966	0	0	1
81410503	0	1	0
81430997	0	0	1
81460890	0	1	0
81663041	0	1	0
81731973	0	1	0
81822212	0	1	0
81829978	0	1	0
81945949	0	1	0
81946096	0	1	0
81976572	0	1	0
82141691	0	1	0
82148593	0	1	0
82191606	0	4	0
82295398	0	1	0
82432554	0	1	0
82487342	0	2	0
82600383	0	1	0
82667648	0	1	0
82692657	0	1	0
82709330	0	1	0
82709759	0	1	0
82725792	0	3	0
82757660	0	1	0
82788945	0	0	1
82840546	0	3	0
82892241	0	1	0
83016043	0	1	0
83034987	0	1	0
83035815	0	1	0
83101468	0	1	0
83151874	0	1	0
83164829	0	1	0
83183417	0	1	0
83299659	0	0	1
83338778	0	1	0
83353729	0	1	0
83371992	0	1	0
83449448	0	1	0
83450076	0	1	0
83485094	0	1	0
83503661	0	1	0
83507361	0	1	0
83527384	0	1	0
83554349	0	5	0
83564798	0	1	0
83614394	0	1	0
83632975	0	1	0
83672128	0	1	0
83725115	0	2	0
83812287	0	2	0
83826052	0	1	0
83829631	0	1	0
83993632	0	1	0
84003085	0	2	0
84009082	0	5	0
84053347	0	1	0
84087672	0	1	0
84095201	0	2	0
84187079	0	1	0
84217739	0	6	0
84228224	0	4	0
84231326	0	1	0
84283248	0	0	1
84283344	0	0	1
84283353	0	0	1
84450826	0	1	0
84504295	0	1	0
84636062	0	3	0
84661181	0	1	0
84708809	0	1	0
84708887	0	1	0
84708895	0	1	0
84723206	0	1	0
84732565	0	1	0
84778587	0	1	0
84827041	0	1	0
84876583	0	1	0
84919916	0	1	0
85004502	0	1	0
85084390	0	1	0
85179873	0	1	0
85214390	0	1	0
85216196	0	1	0
85331997	0	1	0
85368300	0	1	0
85413250	0	2	0
85499939	0	1	0
85552721	0	1	0
85587900	0	1	0
85590372	0	1	0
85600242	0	1	0
85606777	0	4	0
85617796	0	2	0
85726666	0	1	0
85735717	0	1	0
85766192	0	1	0
85905052	0	1	0
86038008	0	1	0
86054240	0	1	0
86123100	0	2	0
86447746	0	1	0
86549774	0	0	1
86576678	0	2	0
86615502	0	2	0
86626674	0	0	1
86658598	0	2	0
86663023	0	1	0
86752217	0	1	0
86775634	0	1	0
86853964	0	1	0
87246460	0	1	0
87272407	0	1	0
87273370	0	1	0
87354698	0	3	0
87501364	0	4	0
87599016	0	1	0
87619828	0	1	0
87818485	0	1	0
88060412	0	1	0
88084077	0	2	0
88126132	0	1	0
88133522	0	2	0
88177270	0	1	0
88299461	0	1	0
88323143	0	1	0
88380418	0	1	0
88386174	0	7	0
88420820	0	1	0
88586011	0	4	0
88688733	0	1	0
88747769	0	1	0
88794360	0	1	0
88943144	0	1	0
88957905	0	2	0
89201363	0	1	0
89525569	0	1	0
89609599	0	3	0
89665622	0	1	0
89677539	0	0	1
89690681	0	1	0
89722589	0	0	1
89730802	0	1	0
89784169	0	1	0
89784386	0	1	0
89878742	0	2	0
90064388	0	4	0
90192176	0	1	0
90319742	0	1	0
90356698	0	2	0
90478762	0	1	0
90628749	0	1	0
90647679	0	1	0
90683817	0	1	0
90687431	0	1	0
90749161	0	1	0
90788921	0	1	0
90814308	0	1	0
90883687	0	1	0
90892980	0	2	0
90911138	0	1	0
91105429	0	2	0
91143708	0	1	0
91166119	0	2	0
91168265	0	1	0
91184515	0	1	0
91223977	0	1	0
91244531	0	1	0
91256271	0	1	0
91403092	0	1	0
91521394	0	1	0
91548943	0	1	0
91577300	0	1	0
91649563	0	1	0
91661735	0	1	0
91683196	0	1	0
91890130	0	1	0
92077668	0	1	0
92152985	0	2	0
92222216	0	1	0
92393421	0	2	0
92460579	0	1	0
92624185	0	1	0
92643800	0	0	1
92654284	0	1	0
92675846	0	1	0
92686383	0	1	0
92706374	0	3	0
92744076	0	3	0
92784804	0	1	0
92857034	0	2	0
92885468	0	1	0
92947257	0	1	0
93048567	0	1	0
93154271	0	1	0
93158216	0	1	0
93311500	0	2	0
93493985	0	0	1
93537643	0	1	0
93625766	0	1	0
93793069	0	2	0
93797556	0	1	0
93810984	0	0	1
93885993	0	0	1
94310547	0	1	0
94334093	0	1	0
94358516	0	2	0
94450754	0	0	1
94571855	0	1	0
94595120	0	1	0
94647355	0	1	0
94665318	0	1	0
94743776	0	0	1
94813583	0	4	0
94992167	0	3	0
95066255	0	1	0
95081889	0	4	0
95219707	0	1	0
95345792	0	1	0
95402191	0	1	0
95512795	0	1	0
95557762	0	0	1
95621934	0	3	0
95796358	0	2	0
95831674	0	5	0
95843216	0	1	0
95918646	0	3	0
95946330	0	1	0
95956729	0	1	0
96025437	0	1	0
96108451	0	1	0
96197424	0	0	1
96240858	0	5	0
96387907	0	1	0
96390989	0	2	0
96402612	0	0	1
96402650	0	0	1
96540087	0	1	0
96551920	0	5	0
96636106	0	2	0
97324933	0	1	0
97640192	0	1	0
97720153	0	1	0
97760258	0	2	0
97763306	0	1	0
97789778	0	1	0
98233327	0	1	0
98273471	0	1	0
98337283	0	1	0
98338225	0	1	0
98355207	0	1	0
98723972	0	1	0
98724850	0	1	0
98775689	0	0	1
98865071	0	7	0
98894072	0	1	0
98973458	0	1	0
98983823	0	1	0
99023489	0	1	0
99036821	0	3	0
99150078	0	4	0
99301934	0	2	0
99542724	0	1	0
99565397	0	1	0
99765561	0	1	0
99791906	0	0	1
99887933	0	2	0
99953621	0	1	0
100016468	0	1	0
100124106	0	1	0
100136234	0	3	0
100149288	0	1	0
100240746	0	3	0
100274902	0	1	0
100288078	0	2	0
100352584	0	1	0
100409569	0	1	0
100473713	0	1	0
100492831	0	1	0
100532356	0	3	0
101127677	0	2	0
101133011	0	1	0
101158436	0	1	0
101253567	0	1	0
101379385	0	1	0
101767378	0	1	0
101793950	0	1	0
101854363	0	0	1
101952009	0	1	0
101984141	0	1	0
102296041	0	3	0
102407018	0	1	0
102482665	0	1	0
102606091	0	1	0
102727717	0	1	0
103020229	0	0	1
106988067	0	0	1
111420127	0	0	1
112576740	0	0	1
125213763	0	0	1
125526326	0	0	1
127311623	0	0	1
128886980	0	0	1

