## htsjdk.samtools.metrics.StringHeader
# CollectInsertSizeMetrics --Histogram_FILE /dev/null --MINIMUM_PCT 0.0 --INCLUDE_DUPLICATES true --INPUT 260629_Emseq_LV_index_A2_Bap1_Math1_adult_ctrl_M2_S5.good_mapq --OUTPUT 260629_Emseq_LV_index_A2_Bap1_Math1_adult_ctrl_M2_S5.good_mapq.insert_size_metrics.txt --VALIDATION_STRINGENCY SILENT --DEVIATIONS 10.0 --METRIC_ACCUMULATION_LEVEL ALL_READS --ASSUME_SORTED true --STOP_AFTER 0 --VERBOSITY INFO --QUIET false --COMPRESSION_LEVEL 5 --MAX_RECORDS_IN_RAM 500000 --CREATE_INDEX false --CREATE_MD5_FILE false --help false --version false --showHidden false --USE_JDK_DEFLATER false --USE_JDK_INFLATER false
## htsjdk.samtools.metrics.StringHeader
# Started on: Thu Jul 30 04:36:58 PDT 2026

## METRICS CLASS	picard.analysis.InsertSizeMetrics
MEDIAN_INSERT_SIZE	MODE_INSERT_SIZE	MEDIAN_ABSOLUTE_DEVIATION	MIN_INSERT_SIZE	MAX_INSERT_SIZE	MEAN_INSERT_SIZE	STANDARD_DEVIATION	READ_PAIRS	PAIR_ORIENTATION	WIDTH_OF_10_PERCENT	WIDTH_OF_20_PERCENT	WIDTH_OF_30_PERCENT	WIDTH_OF_40_PERCENT	WIDTH_OF_50_PERCENT	WIDTH_OF_60_PERCENT	WIDTH_OF_70_PERCENT	WIDTH_OF_80_PERCENT	WIDTH_OF_90_PERCENT	WIDTH_OF_95_PERCENT	WIDTH_OF_99_PERCENT	SAMPLE	LIBRARY	READ_GROUP
250	212	60	2	190617343	266.133418	94.684363	575721283	FR	23	47	71	95	121	149	181	221	299	395	595			
9451285	16007	9448236	2	187979194	22033326.538593	27975218.686827	9815	RF	10452347	18226233	18870449	18870643	18896473	25342753	56390137	89149309	142896179	187023465	260654339			
41594118.5	1033771	21888398.5	1033771	143475951	46235206.009259	31542476.985088	108	TANDEM	4841355	13671005	23388137	34140885	42557633	50800193	63666939	75505191	94428207	128697811	191327475			

## HISTOGRAM	java.lang.Integer
insert_size	All_Reads.fr_count	All_Reads.rf_count	All_Reads.tandem_count
2	4295	6	0
3	4500	1	0
4	4843	9	0
5	5269	5	0
6	5684	0	0
7	5739	0	0
8	6127	4	0
9	6854	4	0
10	7097	1	0
11	7245	3	0
12	8012	2	0
13	8324	3	0
14	8881	1	0
15	9551	1	0
16	9859	0	0
17	10107	0	0
18	10308	0	0
19	10939	0	0
20	11214	3	0
21	11552	1	0
22	12202	0	0
23	12595	0	0
24	12888	3	0
25	13063	0	0
26	13592	2	0
27	13846	1	0
28	14863	0	0
29	14801	3	0
30	15542	0	0
31	15661	0	0
32	15831	0	0
33	16177	0	0
34	16849	0	0
35	17063	1	0
36	17358	1	0
37	17713	0	0
38	7464	6	0
39	6433	0	0
40	6227	0	0
41	6472	15	0
42	7360	0	0
43	7740	0	0
44	8043	3	0
45	8530	1	0
46	9242	0	0
47	9765	6	0
48	10375	1	0
49	11284	0	0
50	11490	5	0
51	12191	0	0
52	12800	0	0
53	13486	2	0
54	14293	0	0
55	14571	0	0
56	15404	0	0
57	15709	0	0
58	16888	0	0
59	17494	0	0
60	17574	7	0
61	18143	1	0
62	18138	0	0
63	18865	0	0
64	19258	6	0
65	20250	5	0
66	20520	3	0
67	21309	0	0
68	22140	0	0
69	23264	1	0
70	24130	0	0
71	25001	0	0
72	25626	3	0
73	27293	2	0
74	27794	0	0
75	31404	1	0
76	33192	6	0
77	33824	0	0
78	35942	0	0
79	37854	2	0
80	42063	2	0
81	43176	1	0
82	45293	0	0
83	48351	1	0
84	51236	0	0
85	54525	0	0
86	58361	4	0
87	62378	1	0
88	67482	0	0
89	71345	2	0
90	77470	0	0
91	83353	1	0
92	89454	0	0
93	95990	0	0
94	103328	3	0
95	112399	0	0
96	121406	0	0
97	131518	0	0
98	140899	0	0
99	152097	0	0
100	163724	1	0
101	176198	0	0
102	190766	2	0
103	206336	0	0
104	221146	0	0
105	234411	1	0
106	250150	0	0
107	265731	0	0
108	282661	0	0
109	299422	0	0
110	317811	0	0
111	335589	1	0
112	355471	0	0
113	376740	1	0
114	397118	0	0
115	419083	0	0
116	441362	0	0
117	464330	0	0
118	487987	0	0
119	512886	0	0
120	540572	0	0
121	566506	0	0
122	595293	1	0
123	622814	3	0
124	650868	0	0
125	680658	0	0
126	711260	0	0
127	740449	0	0
128	769752	0	0
129	802519	4	0
130	834071	0	0
131	866800	0	0
132	900028	1	0
133	931221	0	0
134	963627	0	0
135	998655	0	0
136	1033978	0	0
137	1067676	0	0
138	1104812	0	0
139	1141107	0	0
140	1174318	0	0
141	1210198	0	0
142	1248824	0	0
143	1287903	0	0
144	1322872	0	0
145	1360414	0	0
146	1397651	0	0
147	1434058	2	0
148	1476845	0	0
149	1509125	2	0
150	1547018	0	0
151	1587292	0	0
152	1622774	0	0
153	1651625	0	0
154	1684347	0	0
155	1721024	0	0
156	1749866	2	0
157	1782044	0	0
158	1816670	1	0
159	1849207	0	0
160	1883438	0	0
161	1919424	0	0
162	1951966	0	0
163	1984277	1	0
164	2016531	1	0
165	2045762	5	0
166	2075633	0	0
167	2108828	0	0
168	2135461	1	0
169	2163954	0	0
170	2195226	0	0
171	2221473	0	0
172	2251143	0	0
173	2274602	1	0
174	2302260	0	0
175	2329729	0	0
176	2352881	0	0
177	2379405	0	0
178	2398401	1	0
179	2422436	3	0
180	2446699	0	0
181	2465749	0	0
182	2487538	0	0
183	2504019	1	0
184	2522307	2	0
185	2542661	0	0
186	2559505	0	0
187	2573320	0	0
188	2592019	4	0
189	2607043	3	0
190	2622588	0	0
191	2631384	1	0
192	2645003	0	0
193	2657739	0	0
194	2664323	0	0
195	2674801	0	0
196	2681423	0	0
197	2697250	0	0
198	2699874	0	0
199	2707956	1	0
200	2715416	0	0
201	2723385	0	0
202	2724865	0	0
203	2732458	0	0
204	2735037	0	0
205	2739710	0	0
206	2742241	2	0
207	2746341	0	0
208	2745174	0	0
209	2751063	0	0
210	2748500	0	0
211	2753766	0	0
212	2755999	0	0
213	2753413	0	0
214	2754332	0	0
215	2755082	3	0
216	2747348	0	0
217	2746800	0	0
218	2746449	0	0
219	2747519	2	0
220	2741752	2	0
221	2741048	0	0
222	2735797	0	0
223	2732554	0	0
224	2726395	0	0
225	2723571	0	0
226	2717479	3	0
227	2715902	0	0
228	2713383	0	0
229	2710958	0	0
230	2701784	1	0
231	2698434	0	0
232	2697437	3	0
233	2685415	1	0
234	2679928	0	0
235	2669365	0	0
236	2653415	0	0
237	2649068	0	0
238	2639178	2	0
239	2634065	0	0
240	2620874	0	0
241	2617306	2	0
242	2603862	0	0
243	2602482	1	0
244	2586636	0	0
245	2579415	0	0
246	2568800	1	0
247	2559002	1	0
248	2550000	0	0
249	2543910	2	0
250	2528577	0	0
251	2513036	7	0
252	2506511	0	0
253	2497712	0	0
254	2479616	0	0
255	2472696	0	0
256	2457880	4	0
257	2446741	0	0
258	2435066	6	0
259	2421595	0	0
260	2413506	0	0
261	2404241	1	0
262	2388869	1	0
263	2371916	0	0
264	2357312	0	0
265	2345060	1	0
266	2336448	0	0
267	2322209	0	0
268	2308157	3	0
269	2297412	2	0
270	2281045	0	0
271	2270293	0	0
272	2232668	1	0
273	2220735	1	0
274	2203117	0	0
275	2196344	0	0
276	2181646	0	0
277	2167066	2	0
278	2156395	0	0
279	2142882	0	0
280	2130446	0	0
281	2120306	0	0
282	2103089	4	0
283	2092906	0	0
284	2079095	3	0
285	2067197	0	0
286	2054622	1	0
287	2041813	2	0
288	2027292	0	0
289	2008383	0	0
290	2001215	0	0
291	1987863	0	0
292	1977739	0	0
293	1963002	1	0
294	1947666	0	0
295	1936721	0	0
296	1918492	0	0
297	1907532	0	0
298	1895383	0	0
299	1877696	2	0
300	1865658	4	0
301	1849812	0	0
302	1837354	2	0
303	1823560	1	0
304	1810721	0	0
305	1798207	1	0
306	1785810	0	0
307	1771601	0	0
308	1758120	0	0
309	1744986	0	0
310	1729007	0	0
311	1717650	0	0
312	1705231	4	0
313	1687620	0	0
314	1678504	0	0
315	1663699	0	0
316	1651291	0	0
317	1636665	0	0
318	1624041	0	0
319	1609394	0	0
320	1598247	1	0
321	1585190	0	0
322	1570160	1	0
323	1557983	1	0
324	1547267	0	0
325	1532162	2	0
326	1523162	2	0
327	1507510	1	0
328	1492106	0	0
329	1482536	0	0
330	1463633	0	0
331	1456268	1	0
332	1443489	0	0
333	1424787	1	0
334	1417733	0	0
335	1403865	0	0
336	1393127	0	0
337	1379370	0	0
338	1366992	0	0
339	1351050	0	0
340	1340528	1	0
341	1327390	1	0
342	1316051	2	0
343	1301853	0	0
344	1288906	0	0
345	1280161	1	0
346	1268029	0	0
347	1254585	1	0
348	1243951	1	0
349	1231566	1	0
350	1217618	2	0
351	1207937	0	0
352	1193656	0	0
353	1184090	0	0
354	1170373	2	0
355	1155332	0	0
356	1147622	1	0
357	1138158	0	0
358	1128454	3	0
359	1116461	2	0
360	1104066	0	0
361	1090025	0	0
362	1085467	0	0
363	1072680	0	0
364	1056989	0	0
365	1047265	2	0
366	1036174	3	0
367	1026169	0	0
368	1017364	0	0
369	1006654	0	0
370	994305	1	0
371	984739	0	0
372	969694	0	0
373	964064	3	0
374	952993	0	0
375	941195	1	0
376	933701	0	0
377	925764	0	0
378	913910	0	0
379	905881	0	0
380	890128	1	0
381	882715	0	0
382	871607	1	0
383	865901	0	0
384	854829	0	0
385	841886	4	0
386	835023	1	0
387	824450	0	0
388	817872	0	0
389	807691	1	0
390	796983	0	0
391	789892	1	0
392	778742	0	0
393	773589	0	0
394	759694	0	0
395	753436	5	0
396	746573	0	0
397	736319	0	0
398	726468	1	0
399	720402	0	0
400	712949	0	0
401	702945	3	0
402	695041	1	0
403	686729	0	0
404	678008	0	0
405	670251	0	0
406	661292	0	0
407	654947	2	0
408	649170	0	0
409	638376	0	0
410	633578	0	0
411	623833	0	0
412	617884	0	0
413	610487	4	0
414	601772	0	0
415	593488	1	0
416	586099	0	0
417	581493	0	0
418	574708	0	0
419	569956	2	0
420	560460	4	0
421	554090	1	0
422	548409	0	0
423	540245	0	0
424	532046	0	0
425	527543	2	0
426	519215	0	0
427	514209	0	0
428	511142	0	0
429	501065	0	0
430	495625	0	0
431	491516	1	0
432	484516	2	0
433	480533	2	0
434	472877	0	0
435	467648	0	0
436	461192	0	0
437	454620	0	0
438	450566	0	0
439	443249	1	0
440	439171	0	0
441	435040	0	0
442	425991	0	0
443	423526	0	0
444	417109	0	0
445	411315	0	0
446	407261	1	0
447	403249	0	0
448	398918	0	0
449	391616	1	0
450	385970	2	0
451	380639	0	0
452	378310	0	0
453	373224	0	0
454	370612	0	0
455	364568	0	0
456	360439	0	0
457	355392	0	0
458	350260	0	0
459	346741	0	0
460	339972	0	0
461	337877	4	0
462	336569	0	0
463	332580	0	0
464	327009	0	0
465	321488	0	0
466	319053	0	0
467	313289	0	0
468	309902	0	0
469	307328	0	0
470	301343	0	0
471	298296	0	0
472	296591	0	0
473	292292	0	0
474	286698	0	0
475	284044	0	0
476	280939	0	0
477	279508	0	0
478	273709	0	0
479	271359	0	0
480	268565	0	0
481	265381	0	0
482	259384	0	0
483	258047	0	0
484	255076	0	0
485	252319	0	0
486	246450	0	0
487	242020	0	0
488	238849	0	0
489	237509	0	0
490	232410	1	0
491	229788	0	0
492	228914	0	0
493	225498	1	0
494	220462	0	0
495	215346	0	0
496	214094	0	0
497	209802	0	0
498	209906	0	0
499	205259	0	0
500	201778	0	0
501	200386	0	0
502	198635	0	0
503	194807	0	0
504	193249	0	0
505	189616	0	0
506	186410	0	0
507	183450	0	0
508	181145	1	0
509	178133	0	0
510	174827	0	0
511	174748	0	0
512	171768	0	0
513	170021	0	0
514	168101	0	0
515	164545	0	0
516	162096	0	0
517	160875	0	0
518	157671	0	0
519	156415	0	0
520	156034	0	0
521	151264	0	0
522	148168	0	0
523	143642	1	0
524	141174	0	0
525	138528	0	0
526	136682	0	0
527	134966	0	0
528	132362	0	0
529	129441	0	0
530	127958	0	0
531	126151	0	0
532	123970	2	0
533	123137	0	0
534	121273	0	0
535	118449	0	0
536	117529	0	0
537	116445	0	0
538	113776	0	0
539	112313	1	0
540	110394	0	0
541	108642	1	0
542	108843	0	0
543	105763	2	0
544	104385	0	0
545	102166	0	0
546	100977	0	0
547	99593	0	0
548	97558	0	0
549	96526	0	0
550	94685	0	0
551	94551	0	0
552	90574	0	0
553	90978	0	0
554	90190	0	0
555	89918	0	0
556	87866	0	0
557	86317	1	0
558	85132	0	0
559	82899	0	0
560	82534	0	0
561	79573	0	0
562	78720	0	0
563	77131	0	0
564	76403	0	0
565	75483	0	0
566	73641	0	0
567	72792	0	0
568	71892	0	0
569	71281	0	0
570	69295	0	0
571	68762	0	0
572	68020	1	0
573	66763	0	0
574	66587	0	0
575	64192	0	0
576	64378	0	0
577	61176	1	0
578	59979	0	0
579	59203	1	0
580	59172	1	0
581	58924	0	0
582	57037	0	0
583	56454	3	0
584	55946	0	0
585	54267	1	0
586	53884	0	0
587	51528	0	0
588	52052	0	0
589	50760	1	0
590	49344	0	0
591	49365	0	0
592	48366	0	0
593	47166	0	0
594	46467	0	0
595	46099	0	0
596	44972	0	0
597	44905	1	0
598	43471	0	0
599	42467	0	0
600	42437	0	0
601	41419	0	0
602	41237	1	0
603	39990	0	0
604	38573	0	0
605	39386	0	0
606	38155	0	0
607	36790	0	0
608	36499	0	0
609	35962	0	0
610	34876	0	0
611	34690	0	0
612	34957	0	0
613	32820	0	0
614	33649	0	0
615	32602	0	0
616	31501	0	0
617	31173	0	0
618	30459	0	0
619	30485	0	0
620	29211	0	0
621	29152	0	0
622	28122	0	0
623	28083	1	0
624	27642	0	0
625	27516	0	0
626	27785	0	0
627	26189	0	0
628	26082	0	0
629	24921	0	0
630	24650	0	0
631	24233	0	0
632	23944	0	0
633	23176	1	0
634	23148	0	0
635	23527	1	0
636	22078	0	0
637	22351	0	0
638	21392	0	0
639	21313	0	0
640	20546	0	0
641	20641	0	0
642	19043	0	0
643	19681	3	0
644	19828	0	0
645	18254	0	0
646	18775	0	0
647	18414	0	0
648	17587	0	0
649	17554	0	0
650	17103	0	0
651	16761	0	0
652	16786	0	0
653	16194	5	0
654	15693	0	0
655	15616	0	0
656	14985	0	0
657	14400	0	0
658	14978	0	0
659	14050	0	0
660	14289	0	0
661	13631	0	0
662	13327	0	0
663	13608	0	0
664	12842	0	0
665	12712	0	0
666	12434	0	0
667	11999	0	0
668	11982	0	0
669	11754	0	0
670	11676	0	0
671	11322	0	0
672	11334	0	0
673	11605	0	0
674	10521	0	0
675	10634	0	0
676	10697	0	0
677	9821	1	0
678	9800	0	0
679	9776	0	0
680	9606	0	0
681	9115	8	0
682	8886	0	0
683	8774	0	0
684	8517	0	0
685	8242	0	0
686	8507	0	0
687	7791	0	0
688	7967	0	0
689	7513	0	0
690	7661	1	0
691	7045	0	0
692	7089	0	0
693	6674	0	0
694	6891	0	0
695	7055	0	0
696	6473	0	0
697	6399	0	0
698	6496	0	0
699	6332	1	0
700	5906	0	0
701	5822	0	0
702	5835	0	0
703	5972	0	0
704	5774	0	0
705	5061	0	0
706	5410	0	0
707	5074	0	0
708	5034	0	0
709	4962	0	0
710	4812	0	0
711	4812	0	0
712	4334	0	0
713	4328	0	0
714	4417	0	0
715	4316	0	0
716	4236	0	0
717	4146	0	0
718	3934	0	0
719	3668	0	0
720	3604	0	0
721	3331	0	0
722	3472	0	0
723	3408	0	0
724	3600	0	0
725	3299	0	0
726	3011	0	0
727	3380	0	0
728	3367	0	0
729	2971	0	0
730	3151	0	0
731	2914	0	0
732	2618	0	0
733	2876	0	0
734	2733	0	0
735	2562	0	0
736	2661	0	0
737	2463	0	0
738	2439	0	0
739	2321	0	0
740	2425	0	0
741	2426	0	0
742	2168	0	0
743	2306	0	0
744	2138	0	0
745	2016	0	0
746	2008	0	0
747	2053	0	0
748	1957	0	0
749	1959	0	0
750	1786	0	0
751	1806	0	0
752	1798	0	0
753	1828	0	0
754	1803	0	0
755	1597	0	0
756	1602	0	0
757	1510	0	0
758	1443	0	0
759	1429	0	0
760	1495	0	0
761	1458	0	0
762	1300	0	0
763	1300	0	0
764	1388	0	0
765	1334	0	0
766	1313	0	0
767	1247	0	0
768	1197	0	0
769	1206	4	0
770	1000	0	0
771	1189	0	0
772	1031	0	0
773	1131	0	0
774	1028	0	0
775	1090	0	0
776	1007	0	0
777	1000	0	0
778	875	0	0
779	971	0	0
780	916	0	0
781	883	0	0
782	850	0	0
783	810	0	0
784	754	0	0
785	793	0	0
786	758	0	0
787	777	0	0
788	708	0	0
789	722	0	0
790	700	0	0
791	691	4	0
792	749	0	0
793	723	0	0
794	662	0	0
795	495	0	0
796	601	0	0
797	523	0	0
798	631	0	0
799	603	0	0
800	560	0	0
801	423	1	0
802	496	0	0
803	524	0	0
804	530	0	0
805	542	0	0
806	436	0	0
807	559	0	0
808	435	0	0
809	442	0	0
810	343	0	0
811	356	0	0
812	415	0	0
813	443	0	0
814	397	0	0
815	426	0	0
816	349	0	0
817	223	0	0
818	376	0	0
819	350	0	0
820	282	0	0
821	255	0	0
822	303	0	0
823	329	0	0
824	368	0	0
825	295	0	0
826	288	0	0
827	271	0	0
828	268	0	0
829	280	0	0
830	312	0	0
831	277	0	0
832	265	0	0
833	243	0	0
834	208	0	0
835	222	0	0
836	230	0	0
837	223	0	0
838	211	0	0
839	226	0	0
840	193	0	0
841	179	0	0
842	152	0	0
843	186	0	0
844	142	0	0
845	171	0	0
846	156	0	0
847	133	0	0
848	181	0	0
849	158	0	0
850	118	1	0
857	0	1	0
862	0	3	0
863	0	1	0
879	0	2	0
896	0	6	0
903	0	1	0
904	0	1	0
917	0	1	0
922	0	1	0
933	0	2	0
936	0	5	0
944	0	2	0
948	0	1	0
961	0	1	0
971	0	1	0
1006	0	2	0
1009	0	1	0
1011	0	3	0
1031	0	2	0
1033	0	3	0
1036	0	4	0
1037	0	1	0
1043	0	1	0
1047	0	3	0
1072	0	4	0
1080	0	1	0
1084	0	4	0
1088	0	2	0
1089	0	1	0
1090	0	1	0
1093	0	2	0
1097	0	1	0
1099	0	1	0
1104	0	2	0
1109	0	2	0
1110	0	2	0
1111	0	2	0
1122	0	3	0
1126	0	1	0
1128	0	1	0
1131	0	2	0
1132	0	1	0
1133	0	1	0
1138	0	1	0
1152	0	1	0
1164	0	1	0
1170	0	2	0
1180	0	4	0
1181	0	1	0
1204	0	3	0
1207	0	1	0
1216	0	3	0
1220	0	1	0
1231	0	3	0
1250	0	1	0
1254	0	3	0
1260	0	2	0
1264	0	2	0
1269	0	1	0
1273	0	1	0
1285	0	1	0
1287	0	1	0
1299	0	1	0
1300	0	3	0
1317	0	1	0
1351	0	1	0
1363	0	1	0
1366	0	1	0
1392	0	1	0
1464	0	4	0
1557	0	2	0
1722	0	2	0
1845	0	1	0
1930	0	1	0
1953	0	3	0
1979	0	3	0
2000	0	2	0
2027	0	4	0
2046	0	8	0
2057	0	6	0
2091	0	5	0
2095	0	1	0
2128	0	3	0
2141	0	2	0
2150	0	2	0
2152	0	4	0
2155	0	2	0
2164	0	4	0
2171	0	2	0
2173	0	2	0
2175	0	5	0
2197	0	6	0
2203	0	1	0
2204	0	5	0
2213	0	1	0
2218	0	1	0
2223	0	1	0
2224	0	1	0
2226	0	5	0
2230	0	2	0
2234	0	2	0
2235	0	1	0
2241	0	4	0
2243	0	2	0
2249	0	1	0
2250	0	1	0
2255	0	1	0
2257	0	2	0
2259	0	1	0
2262	0	2	0
2267	0	3	0
2273	0	1	0
2277	0	1	0
2280	0	4	0
2290	0	4	0
2295	0	4	0
2296	0	3	0
2302	0	2	0
2307	0	2	0
2310	0	1	0
2322	0	4	0
2328	0	2	0
2334	0	1	0
2337	0	3	0
2340	0	8	0
2342	0	2	0
2345	0	3	0
2347	0	3	0
2349	0	7	0
2354	0	1	0
2355	0	1	0
2358	0	3	0
2360	0	1	0
2361	0	1	0
2365	0	2	0
2382	0	2	0
2384	0	3	0
2387	0	1	0
2390	0	1	0
2403	0	1	0
2407	0	3	0
2410	0	1	0
2414	0	1	0
2420	0	1	0
2426	0	1	0
2436	0	1	0
2444	0	2	0
2447	0	1	0
2448	0	1	0
2451	0	1	0
2456	0	1	0
2476	0	1	0
2479	0	2	0
2499	0	1	0
2502	0	1	0
2590	0	3	0
2838	0	1	0
2851	0	1	0
2930	0	2	0
3021	0	3	0
3049	0	1	0
3055	0	1	0
3066	0	3	0
3136	0	1	0
3163	0	1	0
3167	0	1	0
3185	0	1	0
3205	0	2	0
3381	0	1	0
3389	0	3	0
3554	0	1	0
3590	0	1	0
3596	0	1	0
3680	0	1	0
3696	0	1	0
4088	0	1	0
4235	0	1	0
4291	0	1	0
4317	0	1	0
4338	0	2	0
4438	0	1	0
4652	0	1	0
4725	0	1	0
4866	0	6	0
5277	0	2	0
5320	0	1	0
5352	0	2	0
5356	0	6	0
5696	0	3	0
6129	0	1	0
6162	0	1	0
6275	0	1	0
6297	0	1	0
6317	0	4	0
6499	0	3	0
6516	0	1	0
6731	0	3	0
7288	0	5	0
7291	0	1	0
7405	0	1	0
7425	0	3	0
7428	0	1	0
7440	0	2	0
7442	0	1	0
7444	0	1	0
7447	0	1	0
7470	0	1	0
7648	0	6	0
7719	0	1	0
7729	0	1	0
7734	0	1	0
7736	0	2	0
7743	0	1	0
7747	0	1	0
7800	0	2	0
7844	0	2	0
7947	0	2	0
7986	0	1	0
8103	0	1	0
8108	0	1	0
8174	0	2	0
9219	0	1	0
9907	0	1	0
9970	0	2	0
10107	0	1	0
10133	0	1	0
10734	0	1	0
10792	0	1	0
10991	0	2	0
11336	0	1	0
11852	0	3	0
11983	0	5	0
12068	0	2	0
12143	0	1	0
12560	0	2	0
12588	0	1	0
12990	0	1	0
13071	0	3	0
13725	0	1	0
13978	0	1	0
14012	0	1	0
14029	0	2	0
14198	0	1	0
14815	0	1	0
14870	0	5	0
14902	0	1	0
15260	0	1	0
15433	0	1	0
15572	0	6	0
15621	0	4	0
15676	0	4	0
15679	0	8	0
15694	0	4	0
15700	0	2	0
15714	0	2	0
15718	0	2	0
15721	0	6	0
15726	0	1	0
15734	0	1	0
15736	0	1	0
15739	0	4	0
15741	0	1	0
15750	0	2	0
15754	0	5	0
15769	0	1	0
15771	0	7	0
15776	0	1	0
15794	0	5	0
15795	0	5	0
15797	0	4	0
15799	0	3	0
15801	0	2	0
15806	0	4	0
15809	0	2	0
15810	0	2	0
15811	0	1	0
15814	0	10	0
15815	0	3	0
15816	0	6	0
15817	0	1	0
15820	0	4	0
15821	0	5	0
15823	0	2	0
15825	0	2	0
15826	0	7	0
15829	0	5	0
15830	0	2	0
15833	0	6	0
15834	0	5	0
15835	0	3	0
15836	0	4	0
15837	0	2	0
15838	0	2	0
15839	0	1	0
15840	0	4	0
15841	0	3	0
15842	0	5	0
15843	0	8	0
15850	0	2	0
15851	0	1	0
15852	0	7	0
15854	0	4	0
15855	0	6	0
15856	0	2	0
15857	0	9	0
15858	0	4	0
15859	0	3	0
15862	0	5	0
15863	0	3	0
15865	0	1	0
15866	0	8	0
15868	0	6	0
15869	0	4	0
15870	0	9	0
15871	0	9	0
15872	0	12	0
15873	0	6	0
15874	0	14	0
15875	0	4	0
15876	0	12	0
15878	0	17	0
15879	0	3	0
15880	0	4	0
15881	0	4	0
15883	0	3	0
15884	0	1	0
15885	0	3	0
15886	0	12	0
15889	0	6	0
15890	0	5	0
15892	0	2	0
15893	0	7	0
15894	0	5	0
15895	0	3	0
15896	0	1	0
15897	0	6	0
15898	0	4	0
15899	0	6	0
15900	0	6	0
15901	0	1	0
15902	0	16	0
15903	0	6	0
15904	0	13	0
15905	0	5	0
15906	0	6	0
15907	0	1	0
15908	0	7	0
15909	0	7	0
15910	0	11	0
15911	0	8	0
15912	0	2	0
15913	0	3	0
15914	0	2	0
15915	0	2	0
15916	0	1	0
15917	0	1	0
15918	0	5	0
15919	0	10	0
15922	0	2	0
15923	0	3	0
15924	0	10	0
15925	0	1	0
15926	0	16	0
15927	0	8	0
15928	0	9	0
15929	0	6	0
15930	0	6	0
15931	0	4	0
15932	0	10	0
15933	0	5	0
15934	0	9	0
15935	0	2	0
15936	0	9	0
15937	0	11	0
15939	0	19	0
15940	0	1	0
15941	0	12	0
15942	0	6	0
15943	0	5	0
15944	0	7	0
15945	0	16	0
15946	0	4	0
15947	0	16	0
15948	0	8	0
15949	0	9	0
15950	0	8	0
15951	0	4	0
15952	0	13	0
15953	0	4	0
15954	0	9	0
15955	0	16	0
15956	0	3	0
15957	0	4	0
15958	0	4	0
15959	0	5	0
15960	0	10	0
15961	0	8	0
15962	0	3	0
15963	0	6	0
15964	0	12	0
15965	0	15	0
15966	0	8	0
15967	0	13	0
15968	0	7	0
15969	0	16	0
15970	0	6	0
15971	0	11	0
15972	0	18	0
15973	0	11	0
15974	0	4	0
15975	0	7	0
15976	0	1	0
15977	0	8	0
15978	0	7	0
15979	0	7	0
15980	0	5	0
15981	0	9	0
15982	0	9	0
15983	0	13	0
15984	0	5	0
15985	0	5	0
15986	0	10	0
15987	0	2	0
15988	0	8	0
15989	0	6	0
15990	0	1	0
15991	0	4	0
15992	0	11	0
15993	0	19	0
15994	0	11	0
15995	0	10	0
15996	0	14	0
15997	0	11	0
15998	0	5	0
15999	0	9	0
16000	0	11	0
16001	0	15	0
16002	0	11	0
16003	0	12	0
16004	0	14	0
16005	0	13	0
16006	0	16	0
16007	0	20	0
16008	0	11	0
16009	0	9	0
16010	0	9	0
16011	0	7	0
16012	0	11	0
16013	0	9	0
16014	0	6	0
16015	0	7	0
16016	0	11	0
16017	0	13	0
16018	0	10	0
16019	0	19	0
16020	0	15	0
16021	0	6	0
16022	0	9	0
16023	0	10	0
16024	0	14	0
16025	0	18	0
16026	0	11	0
16027	0	12	0
16028	0	13	0
16029	0	14	0
16030	0	9	0
16031	0	5	0
16032	0	7	0
16033	0	12	0
16034	0	16	0
16035	0	14	0
16036	0	13	0
16037	0	16	0
16038	0	17	0
16039	0	11	0
16040	0	7	0
16041	0	8	0
16042	0	14	0
16043	0	7	0
16044	0	14	0
16045	0	7	0
16046	0	7	0
16047	0	10	0
16048	0	6	0
16049	0	9	0
16050	0	13	0
16051	0	3	0
16052	0	6	0
16053	0	9	0
16054	0	13	0
16055	0	8	0
16056	0	10	0
16057	0	12	0
16058	0	9	0
16059	0	10	0
16060	0	5	0
16061	0	13	0
16062	0	11	0
16063	0	12	0
16064	0	12	0
16065	0	6	0
16066	0	6	0
16067	0	12	0
16068	0	11	0
16069	0	5	0
16070	0	13	0
16071	0	12	0
16072	0	11	0
16073	0	13	0
16074	0	12	0
16075	0	6	0
16076	0	10	0
16077	0	8	0
16078	0	9	0
16079	0	14	0
16080	0	3	0
16081	0	8	0
16082	0	8	0
16083	0	11	0
16084	0	6	0
16085	0	15	0
16086	0	9	0
16087	0	13	0
16088	0	5	0
16089	0	6	0
16090	0	6	0
16091	0	10	0
16092	0	2	0
16093	0	6	0
16094	0	7	0
16095	0	6	0
16096	0	9	0
16097	0	2	0
16098	0	9	0
16099	0	2	0
16100	0	7	0
16101	0	6	0
16102	0	9	0
16103	0	6	0
16104	0	5	0
16105	0	2	0
16106	0	6	0
16107	0	11	0
16108	0	1	0
16109	0	2	0
16110	0	2	0
16111	0	1	0
16112	0	5	0
16113	0	1	0
16114	0	13	0
16115	0	3	0
16116	0	4	0
16117	0	4	0
16118	0	6	0
16119	0	3	0
16120	0	3	0
16121	0	3	0
16122	0	6	0
16123	0	3	0
16124	0	1	0
16125	0	1	0
16127	0	4	0
16130	0	4	0
16131	0	3	0
16132	0	2	0
16133	0	3	0
16134	0	3	0
16137	0	2	0
16138	0	2	0
16139	0	3	0
16140	0	3	0
17344	0	1	0
17804	0	1	0
19216	0	1	0
19266	0	1	0
19276	0	3	0
19298	0	2	0
19308	0	1	0
19309	0	2	0
19337	0	2	0
19574	0	1	0
19589	0	1	0
19654	0	1	0
21568	0	1	0
22682	0	2	0
22941	0	1	0
23003	0	1	0
24288	0	1	0
24659	0	4	0
24916	0	8	0
25082	0	2	0
25105	0	1	0
25112	0	2	0
25132	0	4	0
25264	0	1	0
25666	0	2	0
26784	0	1	0
27379	0	4	0
27384	0	6	0
27419	0	1	0
27937	0	1	0
28643	0	1	0
28720	0	1	0
29045	0	3	0
29116	0	2	0
29240	0	2	0
29360	0	2	0
29383	0	1	0
30817	0	1	0
33134	0	5	0
33176	0	1	0
33253	0	1	0
33289	0	1	0
35262	0	1	0
36261	0	1	0
36498	0	1	0
37206	0	1	0
37220	0	2	0
37223	0	1	0
37245	0	1	0
37275	0	1	0
37335	0	1	0
37353	0	1	0
37395	0	1	0
37779	0	1	0
38238	0	1	0
38334	0	1	0
38403	0	3	0
38426	0	1	0
38431	0	1	0
38453	0	1	0
38503	0	1	0
38517	0	2	0
38541	0	1	0
38545	0	2	0
38611	0	1	0
41533	0	2	0
43144	0	1	0
45404	0	3	0
46262	0	2	0
48614	0	1	0
48647	0	1	0
48691	0	2	0
48706	0	2	0
48708	0	3	0
48761	0	4	0
49087	0	1	0
52402	0	1	0
54530	0	4	0
54547	0	1	0
54573	0	1	0
54589	0	1	0
54606	0	3	0
54829	0	1	0
56425	0	1	0
59644	0	1	0
62979	0	1	0
64971	0	2	0
67140	0	1	0
67182	0	1	0
68002	0	1	0
68250	0	1	0
68696	0	1	0
69445	0	1	0
71834	0	1	0
75358	0	1	0
76244	0	2	0
76363	0	1	0
76389	0	1	0
81399	0	3	0
81558	0	1	0
81598	0	1	0
81835	0	1	0
82206	0	2	0
82300	0	3	0
82305	0	2	0
82901	0	1	0
84712	0	1	0
85522	0	1	0
88723	0	1	0
88726	0	1	0
88728	0	1	0
92829	0	1	0
93132	0	1	0
94001	0	1	0
97131	0	1	0
97961	0	3	0
100144	0	2	0
101125	0	1	0
102153	0	1	0
105473	0	1	0
108572	0	3	0
110195	0	4	0
111408	0	4	0
111425	0	2	0
111467	0	1	0
111476	0	2	0
111478	0	1	0
111483	0	2	0
111486	0	1	0
111487	0	2	0
111498	0	1	0
111502	0	2	0
111528	0	1	0
111554	0	2	0
111570	0	1	0
111571	0	1	0
111581	0	1	0
111601	0	2	0
111609	0	1	0
111612	0	1	0
111613	0	1	0
111617	0	2	0
111621	0	3	0
111622	0	1	0
111638	0	1	0
111654	0	1	0
111667	0	1	0
111671	0	1	0
111672	0	1	0
111684	0	1	0
111695	0	1	0
111705	0	1	0
111727	0	1	0
111776	0	1	0
113362	0	7	0
113420	0	2	0
113430	0	1	0
113466	0	2	0
113478	0	2	0
113485	0	1	0
113486	0	1	0
113490	0	1	0
113492	0	1	0
113497	0	1	0
113509	0	3	0
113510	0	1	0
113519	0	2	0
113524	0	1	0
113528	0	1	0
113532	0	2	0
113536	0	1	0
113542	0	3	0
113562	0	3	0
113567	0	3	0
113571	0	1	0
113574	0	1	0
113579	0	1	0
113580	0	1	0
113599	0	1	0
113600	0	2	0
113618	0	2	0
113621	0	2	0
113622	0	1	0
113624	0	2	0
113637	0	1	0
113653	0	2	0
113656	0	1	0
113667	0	1	0
113669	0	1	0
113671	0	2	0
113672	0	2	0
113676	0	1	0
113679	0	1	0
113683	0	1	0
113686	0	1	0
113690	0	1	0
113700	0	1	0
113703	0	1	0
113724	0	1	0
113731	0	2	0
113744	0	1	0
114961	0	1	0
116599	0	5	0
119743	0	2	0
123343	0	1	0
124963	0	1	0
125158	0	3	0
125227	0	11	0
125228	0	1	0
131630	0	1	0
131980	0	1	0
131991	0	1	0
134999	0	1	0
139183	0	1	0
140087	0	3	0
140133	0	2	0
140747	0	1	0
142714	0	1	0
142966	0	1	0
143563	0	4	0
143625	0	1	0
143627	0	1	0
144010	0	1	0
144488	0	1	0
148399	0	1	0
150074	0	1	0
151761	0	1	0
151798	0	1	0
152452	0	1	0
153370	0	1	0
157185	0	1	0
157687	0	1	0
157834	0	1	0
158672	0	1	0
162338	0	1	0
162434	0	2	0
169497	0	1	0
169631	0	1	0
171334	0	1	0
171337	0	1	0
171407	0	1	0
175064	0	1	0
177471	0	2	0
177630	0	1	0
177697	0	2	0
182064	0	1	0
182835	0	2	0
184547	0	2	0
185856	0	4	0
187540	0	2	0
187935	0	3	0
187953	0	2	0
187964	0	1	0
188010	0	2	0
188070	0	1	0
188100	0	1	0
188102	0	1	0
188111	0	2	0
188119	0	1	0
188126	0	1	0
188160	0	1	0
188184	0	1	0
195948	0	1	0
210584	0	1	0
210678	0	1	0
215050	0	2	0
227618	0	1	0
240053	0	1	0
240337	0	1	0
240353	0	1	0
248583	0	1	0
249556	0	1	0
250198	0	1	0
257978	0	1	0
257992	0	1	0
259281	0	1	0
261365	0	1	0
265894	0	1	0
273273	0	1	0
273948	0	2	0
273991	0	2	0
282226	0	1	0
284395	0	3	0
287904	0	1	0
291169	0	1	0
294850	0	1	0
300098	0	5	0
303949	0	1	0
304647	0	1	0
304703	0	2	0
308396	0	1	0
308458	0	1	0
310020	0	1	0
310892	0	1	0
312267	0	2	0
323497	0	1	0
323540	0	5	0
323543	0	1	0
323736	0	1	0
326820	0	1	0
332096	0	1	0
335695	0	4	0
338169	0	1	0
339609	0	2	0
340632	0	1	0
347883	0	5	0
356326	0	1	0
383597	0	1	0
392260	0	3	0
392297	0	2	0
392407	0	6	0
392422	0	5	0
417670	0	1	0
423933	0	2	0
433629	0	2	0
434670	0	6	0
445391	0	1	0
450800	0	1	0
457282	0	1	0
467089	0	2	0
470106	0	2	0
473646	0	1	0
473648	0	1	0
478930	0	1	0
485308	0	1	0
496094	0	1	0
496365	0	6	0
501965	0	1	0
503047	0	1	0
504166	0	1	0
510762	0	1	0
524039	0	1	0
524789	0	1	0
568797	0	1	0
589697	0	1	0
590574	0	3	0
604226	0	2	0
605919	0	1	0
614216	0	1	0
620476	0	1	0
622352	0	1	0
638129	0	1	0
647147	0	1	0
652333	0	6	0
655075	0	1	0
679861	0	1	0
705034	0	1	0
706178	0	1	0
715377	0	1	0
717162	0	2	0
732335	0	1	0
750304	0	1	0
783233	0	3	0
795013	0	1	0
795329	0	1	0
798368	0	1	0
808805	0	1	0
814192	0	1	0
824347	0	1	0
830657	0	1	0
830730	0	1	0
831403	0	1	0
836640	0	1	0
837907	0	2	0
847134	0	1	0
849105	0	1	0
860914	0	1	0
861750	0	1	0
880055	0	1	0
880268	0	1	0
906093	0	2	0
907992	0	1	0
908010	0	2	0
908104	0	1	0
908111	0	1	0
908166	0	2	0
908187	0	1	0
908215	0	1	0
909360	0	1	0
911705	0	1	0
914798	0	1	0
914931	0	1	0
922921	0	1	0
930498	0	1	0
932612	0	1	0
940934	0	1	0
941889	0	1	0
942764	0	1	0
953699	0	1	0
964607	0	1	0
974374	0	2	0
981188	0	1	0
981534	0	2	0
983717	0	2	0
986997	0	1	0
990536	0	1	0
1006567	0	1	0
1011502	0	1	0
1021886	0	2	0
1033771	0	0	1
1034965	0	1	0
1070592	0	4	0
1076840	0	1	0
1081116	0	1	0
1084287	0	1	0
1104234	0	1	0
1105438	0	1	0
1123477	0	2	0
1126752	0	1	0
1131116	0	1	0
1152332	0	1	0
1153541	0	1	0
1172909	0	2	0
1173940	0	1	0
1178370	0	1	0
1181443	0	1	0
1189057	0	1	0
1189725	0	1	0
1190487	0	2	0
1192456	0	2	0
1215980	0	1	0
1238974	0	1	0
1247442	0	1	0
1251802	0	1	0
1258930	0	1	0
1261288	0	1	0
1273956	0	1	0
1292406	0	1	0
1302661	0	1	0
1316739	0	1	0
1337789	0	1	0
1337807	0	1	0
1339903	0	2	0
1348133	0	4	0
1350160	0	1	0
1362417	0	1	0
1388914	0	1	0
1395413	0	1	0
1398858	0	1	0
1399292	0	1	0
1405647	0	1	0
1408904	0	2	0
1419507	0	1	0
1421274	0	1	0
1432213	0	1	0
1436060	0	1	0
1448001	0	1	0
1448002	0	1	0
1448017	0	1	0
1448020	0	1	0
1448022	0	1	0
1448023	0	1	0
1448029	0	1	0
1463009	0	1	0
1472025	0	1	0
1472037	0	1	0
1472040	0	1	0
1472046	0	2	0
1503665	0	1	0
1505834	0	1	0
1507221	0	1	0
1525052	0	1	0
1531030	0	1	0
1534270	0	1	0
1565355	0	1	0
1565930	0	1	0
1565966	0	1	0
1566382	0	0	1
1585669	0	4	0
1597789	0	1	0
1611291	0	1	0
1614250	0	1	0
1614284	0	1	0
1620747	0	1	0
1628670	0	1	0
1629416	0	4	0
1638495	0	1	0
1655335	0	1	0
1659644	0	1	0
1667378	0	1	0
1667396	0	1	0
1667474	0	1	0
1668088	0	1	0
1688439	0	1	0
1708751	0	1	0
1730931	0	2	0
1736162	0	2	0
1739135	0	1	0
1742874	0	1	0
1755233	0	1	0
1763233	0	1	0
1766996	0	3	0
1768804	0	1	0
1769080	0	1	0
1769827	0	1	0
1771530	0	1	0
1778161	0	1	0
1792886	0	1	0
1798557	0	2	0
1808276	0	1	0
1821814	0	1	0
1826116	0	2	0
1826322	0	1	0
1831564	0	2	0
1833657	0	1	0
1854201	0	1	0
1863713	0	1	0
1864269	0	1	0
1868358	0	1	0
1875748	0	1	0
1882901	0	1	0
1887232	0	1	0
1889377	0	1	0
1891363	0	1	0
1905195	0	1	0
1914515	0	1	0
1922446	0	1	0
1929128	0	1	0
1938460	0	1	0
1939386	0	2	0
1949788	0	1	0
1951459	0	1	0
1955555	0	3	0
1960588	0	1	0
1960684	0	2	0
1960694	0	1	0
1960708	0	3	0
1960753	0	2	0
1960762	0	2	0
1960770	0	2	0
1960777	0	2	0
1975741	0	2	0
1984532	0	3	0
1993743	0	1	0
1996474	0	2	0
2001213	0	1	0
2021825	0	1	0
2036601	0	1	0
2044797	0	2	0
2044805	0	4	0
2044905	0	3	0
2044909	0	4	0
2044927	0	3	0
2044946	0	3	0
2044973	0	1	0
2044996	0	2	0
2044997	0	1	0
2045005	0	2	0
2045006	0	1	0
2045021	0	1	0
2045031	0	1	0
2045032	0	2	0
2045033	0	4	0
2045039	0	2	0
2045046	0	1	0
2046087	0	2	0
2056733	0	2	0
2059453	0	3	0
2059505	0	1	0
2059511	0	1	0
2059512	0	2	0
2059517	0	1	0
2059534	0	1	0
2059535	0	2	0
2059574	0	1	0
2059598	0	1	0
2078912	0	1	0
2106797	0	1	0
2113710	0	1	0
2118018	0	1	0
2133702	0	1	0
2146598	0	1	0
2152735	0	1	0
2163292	0	1	0
2165989	0	1	0
2166730	0	1	0
2166894	0	0	1
2169854	0	6	0
2188327	0	1	0
2213486	0	1	0
2213627	0	3	0
2214219	0	1	0
2221119	0	1	0
2250405	0	1	0
2253675	0	1	0
2256623	0	2	0
2263460	0	1	0
2264847	0	1	0
2267741	0	1	0
2269643	0	1	0
2273122	0	1	0
2277071	0	1	0
2280151	0	1	0
2283626	0	1	0
2300415	0	4	0
2302343	0	1	0
2318100	0	1	0
2320479	0	1	0
2344559	0	1	0
2363685	0	2	0
2368600	0	1	0
2394482	0	1	0
2396685	0	1	0
2397058	0	1	0
2397948	0	2	0
2399415	0	1	0
2445510	0	2	0
2476046	0	1	0
2484141	0	2	0
2492590	0	2	0
2504610	0	1	0
2508233	0	3	0
2511745	0	1	0
2513786	0	1	0
2527263	0	2	0
2531753	0	1	0
2537051	0	1	0
2558757	0	1	0
2567497	0	3	0
2585299	0	1	0
2594031	0	1	0
2609353	0	1	0
2615805	0	1	0
2618272	0	1	0
2633006	0	1	0
2633377	0	1	0
2636006	0	1	0
2640279	0	1	0
2652344	0	8	0
2655219	0	1	0
2661076	0	1	0
2663389	0	3	0
2674577	0	4	0
2681529	0	1	0
2685975	0	1	0
2702005	0	1	0
2714121	0	0	1
2716492	0	1	0
2737165	0	1	0
2737513	0	1	0
2739189	0	1	0
2742046	0	1	0
2742371	0	2	0
2748181	0	2	0
2762755	0	2	0
2762798	0	1	0
2776656	0	1	0
2783868	0	1	0
2789050	0	1	0
2834899	0	2	0
2840031	0	1	0
2866000	0	1	0
2878980	0	3	0
2890854	0	1	0
2905632	0	3	0
2910139	0	1	0
2913571	0	1	0
2916189	0	1	0
2918465	0	1	0
2931044	0	1	0
2936916	0	1	0
2952013	0	1	0
2954265	0	2	0
2961097	0	1	0
2972138	0	2	0
3001759	0	3	0
3016318	0	1	0
3016353	0	1	0
3038463	0	2	0
3048631	0	1	0
3081163	0	2	0
3083186	0	2	0
3093794	0	1	0
3110817	0	1	0
3126366	0	1	0
3130718	0	1	0
3152229	0	1	0
3156667	0	1	0
3163716	0	3	0
3176057	0	4	0
3203424	0	1	0
3215161	0	1	0
3224766	0	1	0
3228078	0	1	0
3228406	0	1	0
3228424	0	1	0
3229427	0	1	0
3233503	0	2	0
3234258	0	1	0
3240982	0	1	0
3269064	0	0	1
3288735	0	1	0
3290349	0	3	0
3312764	0	3	0
3318037	0	1	0
3325242	0	1	0
3354674	0	1	0
3360612	0	1	0
3380259	0	1	0
3418299	0	1	0
3431950	0	1	0
3455301	0	1	0
3474558	0	1	0
3476023	0	2	0
3477049	0	4	0
3481122	0	1	0
3482667	0	1	0
3490926	0	1	0
3521298	0	1	0
3531795	0	1	0
3565373	0	1	0
3597530	0	1	0
3623425	0	1	0
3623611	0	1	0
3631669	0	1	0
3639222	0	1	0
3648026	0	1	0
3661200	0	6	0
3661732	0	1	0
3663256	0	1	0
3666044	0	1	0
3667148	0	2	0
3695697	0	3	0
3709773	0	1	0
3724331	0	1	0
3732431	0	1	0
3733768	0	1	0
3739417	0	1	0
3743981	0	1	0
3769409	0	1	0
3770207	0	1	0
3770316	0	1	0
3771345	0	3	0
3808057	0	1	0
3808637	0	1	0
3854875	0	1	0
3867491	0	1	0
3878179	0	1	0
3882397	0	1	0
3898909	0	1	0
3912660	0	3	0
3919360	0	1	0
3933928	0	1	0
3934835	0	1	0
3945161	0	1	0
3946046	0	1	0
3950107	0	2	0
3951169	0	1	0
3957703	0	1	0
3967202	0	1	0
3973293	0	2	0
3977944	0	1	0
3980086	0	1	0
3986290	0	1	0
3988513	0	1	0
4005481	0	1	0
4073127	0	1	0
4074921	0	10	0
4082743	0	1	0
4088454	0	1	0
4099516	0	2	0
4108803	0	1	0
4117945	0	1	0
4125023	0	1	0
4150385	0	1	0
4154362	0	2	0
4168204	0	1	0
4179864	0	1	0
4212219	0	1	0
4225221	0	2	0
4225896	0	1	0
4242247	0	3	0
4242855	0	1	0
4247067	0	1	0
4263751	0	1	0
4266809	0	1	0
4270306	0	2	0
4273319	0	1	0
4276540	0	3	0
4287047	0	1	0
4299819	0	1	0
4307578	0	1	0
4327750	0	1	0
4328081	0	1	0
4351291	0	1	0
4355157	0	4	0
4364844	0	1	0
4365720	0	1	0
4370279	0	1	0
4370391	0	1	0
4373325	0	4	0
4381195	0	7	0
4383369	0	1	0
4386469	0	1	0
4442607	0	5	0
4461729	0	1	0
4463522	0	1	0
4478242	0	1	0
4522035	0	1	0
4528293	0	1	0
4546027	0	1	0
4546100	0	2	0
4547376	0	1	0
4551515	0	2	0
4561465	0	2	0
4562661	0	1	0
4567007	0	2	0
4576319	0	1	0
4597072	0	1	0
4604887	0	1	0
4615036	0	4	0
4616534	0	1	0
4638455	0	1	0
4653013	0	1	0
4671220	0	2	0
4690801	0	2	0
4699026	0	1	0
4702562	0	1	0
4715860	0	1	0
4742904	0	1	0
4781628	0	1	0
4782013	0	4	0
4790845	0	1	0
4795549	0	1	0
4809201	0	1	0
4822168	0	1	0
4832215	0	1	0
4835735	0	5	0
4848276	0	1	0
4853120	0	1	0
4860767	0	2	0
4879785	0	1	0
4899436	0	1	0
4900591	0	1	0
4906267	0	1	0
4922563	0	1	0
4928350	0	1	0
4928448	0	3	0
4928579	0	1	0
4931410	0	1	0
4937444	0	1	0
4946605	0	1	0
4952737	0	2	0
4952739	0	1	0
4976263	0	1	0
4991647	0	1	0
5004754	0	3	0
5015010	0	1	0
5018718	0	0	1
5047724	0	3	0
5070198	0	3	0
5070616	0	1	0
5071783	0	1	0
5081020	0	1	0
5092583	0	1	0
5147654	0	4	0
5160341	0	3	0
5184272	0	1	0
5249518	0	1	0
5255805	0	1	0
5297400	0	1	0
5340456	0	2	0
5343033	0	1	0
5371296	0	2	0
5371529	0	1	0
5375300	0	1	0
5412362	0	1	0
5412960	0	1	0
5419186	0	1	0
5423161	0	1	0
5444415	0	1	0
5460293	0	1	0
5487100	0	4	0
5489247	0	0	1
5498791	0	1	0
5509066	0	1	0
5519279	0	3	0
5531668	0	1	0
5534018	0	1	0
5545959	0	1	0
5553058	0	1	0
5579212	0	1	0
5580922	0	1	0
5585335	0	1	0
5602858	0	1	0
5608163	0	1	0
5667315	0	1	0
5687913	0	2	0
5725783	0	1	0
5736061	0	1	0
5748460	0	2	0
5756282	0	1	0
5766083	0	1	0
5778918	0	1	0
5819468	0	2	0
5822197	0	1	0
5827594	0	1	0
5864232	0	1	0
5919753	0	1	0
5920688	0	1	0
5924651	0	1	0
5938628	0	1	0
5971773	0	1	0
5974916	0	1	0
5977860	0	1	0
5981306	0	1	0
6005900	0	1	0
6007884	0	0	1
6022444	0	2	0
6032155	0	1	0
6032804	0	1	0
6045029	0	3	0
6046564	0	1	0
6078147	0	4	0
6086047	0	3	0
6088421	0	1	0
6114750	0	2	0
6117605	0	2	0
6152265	0	1	0
6168619	0	1	0
6175460	0	1	0
6179196	0	2	0
6215750	0	2	0
6227821	0	1	0
6246099	0	1	0
6275674	0	1	0
6289938	0	1	0
6320436	0	1	0
6324370	0	4	0
6338455	0	1	0
6349895	0	6	0
6359118	0	2	0
6360271	0	1	0
6366229	0	1	0
6381482	0	1	0
6403301	0	1	0
6409160	0	2	0
6428807	0	5	0
6436408	0	1	0
6484328	0	5	0
6492139	0	4	0
6501074	0	1	0
6511827	0	1	0
6514052	0	1	0
6517127	0	1	0
6532088	0	1	0
6532973	0	2	0
6536908	0	1	0
6560590	0	1	0
6579293	0	1	0
6593660	0	1	0
6596054	0	1	0
6606279	0	1	0
6618705	0	1	0
6623342	0	1	0
6637336	0	1	0
6642927	0	1	0
6715386	0	1	0
6720974	0	1	0
6720992	0	1	0
6729831	0	2	0
6732336	0	1	0
6739309	0	1	0
6743462	0	3	0
6778292	0	1	0
6803670	0	1	0
6805172	0	1	0
6821864	0	1	0
6824059	0	1	0
6830559	0	2	0
6843259	0	1	0
6846207	0	1	0
6851520	0	1	0
6874383	0	1	0
6880537	0	1	0
6894685	0	1	0
6925932	0	6	0
6928730	0	1	0
6931148	0	1	0
6944802	0	1	0
6945345	0	1	0
6986013	0	2	0
6989802	0	1	0
6994055	0	1	0
7004979	0	1	0
7014059	0	1	0
7018709	0	1	0
7020288	0	1	0
7035954	0	1	0
7045821	0	1	0
7049444	0	1	0
7065092	0	1	0
7089118	0	1	0
7089180	0	1	0
7089969	0	1	0
7091625	0	2	0
7099394	0	2	0
7103639	0	1	0
7103736	0	1	0
7104802	0	1	0
7109851	0	1	0
7115401	0	1	0
7117408	0	8	0
7127831	0	1	0
7129772	0	2	0
7141714	0	1	0
7144712	0	1	0
7148894	0	13	0
7177791	0	1	0
7204905	0	1	0
7232655	0	10	0
7233973	0	1	0
7240580	0	1	0
7242323	0	1	0
7293320	0	1	0
7303009	0	1	0
7313677	0	1	0
7314730	0	4	0
7321189	0	1	0
7321337	0	1	0
7343432	0	1	0
7347732	0	1	0
7370963	0	1	0
7381885	0	1	0
7383420	0	1	0
7410548	0	1	0
7421798	0	1	0
7424328	0	1	0
7456913	0	1	0
7460645	0	2	0
7496157	0	1	0
7536760	0	1	0
7543653	0	1	0
7555406	0	1	0
7563566	0	1	0
7565971	0	1	0
7595127	0	1	0
7618753	0	1	0
7627954	0	1	0
7657597	0	1	0
7670842	0	1	0
7716216	0	1	0
7720166	0	1	0
7724460	0	1	0
7725872	0	2	0
7767629	0	1	0
7768339	0	1	0
7799649	0	1	0
7801871	0	1	0
7812181	0	1	0
7832758	0	1	0
7842513	0	1	0
7865387	0	1	0
7865623	0	1	0
7871070	0	1	0
7877792	0	1	0
7902117	0	3	0
7903988	0	1	0
7906864	0	1	0
7941950	0	1	0
7950074	0	1	0
7965894	0	1	0
7987998	0	1	0
8005183	0	1	0
8026358	0	1	0
8031919	0	1	0
8039109	0	1	0
8052454	0	1	0
8062874	0	1	0
8084465	0	6	0
8090091	0	1	0
8136109	0	5	0
8159143	0	2	0
8169535	0	1	0
8176502	0	1	0
8184879	0	3	0
8186094	0	2	0
8197397	0	1	0
8206629	0	1	0
8213638	0	1	0
8216711	0	2	0
8251326	0	3	0
8254691	0	1	0
8256512	0	3	0
8257735	0	1	0
8264855	0	1	0
8287465	0	1	0
8293174	0	1	0
8315989	0	1	0
8322221	0	1	0
8364278	0	1	0
8365473	0	1	0
8367921	0	1	0
8371107	0	1	0
8380505	0	1	0
8407790	0	1	0
8409042	0	1	0
8417525	0	1	0
8421908	0	1	0
8427141	0	1	0
8434685	0	12	0
8448350	0	1	0
8452934	0	1	0
8478564	0	1	0
8508326	0	3	0
8549034	0	2	0
8551436	0	1	0
8567853	0	1	0
8604577	0	1	0
8624757	0	1	0
8653972	0	1	0
8660904	0	1	0
8682959	0	1	0
8691310	0	3	0
8698568	0	1	0
8717267	0	1	0
8733621	0	1	0
8741641	0	5	0
8762006	0	1	0
8768601	0	1	0
8833815	0	1	0
8834919	0	4	0
8845496	0	0	1
8893355	0	6	0
8932934	0	1	0
9003331	0	0	1
9036763	0	1	0
9067336	0	1	0
9071139	0	1	0
9079731	0	0	1
9079772	0	1	0
9084286	0	1	0
9098736	0	3	0
9105538	0	1	0
9118099	0	1	0
9130656	0	1	0
9154465	0	5	0
9170250	0	1	0
9205192	0	2	0
9233784	0	2	0
9292225	0	1	0
9327283	0	1	0
9355422	0	5	0
9366850	0	1	0
9370102	0	1	0
9375695	0	2	0
9390570	0	1	0
9406533	0	1	0
9451285	0	5	0
9484505	0	0	1
9539745	0	2	0
9554236	0	1	0
9587260	0	2	0
9589546	0	1	0
9601396	0	1	0
9641880	0	1	0
9655894	0	1	0
9661550	0	1	0
9692524	0	1	0
9703646	0	2	0
9708068	0	1	0
9717560	0	1	0
9742157	0	1	0
9760649	0	0	1
9770259	0	2	0
9792191	0	1	0
9801986	0	3	0
9843578	0	1	0
9845876	0	1	0
9935813	0	1	0
9938917	0	1	0
9940905	0	1	0
9949045	0	4	0
9984143	0	4	0
10017205	0	1	0
10075152	0	2	0
10075257	0	1	0
10075291	0	1	0
10084153	0	1	0
10090100	0	2	0
10107696	0	4	0
10109519	0	1	0
10119934	0	1	0
10137603	0	3	0
10175946	0	3	0
10209434	0	1	0
10226533	0	1	0
10228271	0	1	0
10241527	0	1	0
10259589	0	6	0
10273260	0	1	0
10273269	0	1	0
10280197	0	1	0
10281485	0	1	0
10308196	0	1	0
10333151	0	1	0
10362894	0	1	0
10375067	0	2	0
10391311	0	1	0
10395530	0	1	0
10435481	0	1	0
10443507	0	2	0
10462145	0	1	0
10477225	0	1	0
10502444	0	1	0
10557628	0	1	0
10558113	0	1	0
10563565	0	1	0
10564079	0	2	0
10583110	0	1	0
10665293	0	1	0
10667785	0	1	0
10671774	0	1	0
10680805	0	2	0
10684804	0	1	0
10688400	0	1	0
10700982	0	1	0
10781208	0	0	1
10789097	0	1	0
10794523	0	1	0
10808429	0	2	0
10849913	0	3	0
10874388	0	1	0
10878965	0	1	0
10883994	0	2	0
10897620	0	1	0
10902179	0	2	0
10949039	0	1	0
10957812	0	1	0
10980826	0	0	1
10991528	0	1	0
10997466	0	1	0
11036689	0	1	0
11062607	0	1	0
11064213	0	1	0
11119995	0	1	0
11136412	0	1	0
11137754	0	7	0
11187684	0	2	0
11193599	0	6	0
11198118	0	1	0
11245678	0	1	0
11270204	0	2	0
11274971	0	1	0
11356981	0	1	0
11376823	0	2	0
11391267	0	3	0
11424540	0	2	0
11436772	0	2	0
11447486	0	1	0
11464447	0	1	0
11510475	0	2	0
11511495	0	1	0
11516349	0	1	0
11556771	0	3	0
11562756	0	1	0
11577179	0	1	0
11586525	0	1	0
11591070	0	7	0
11597673	0	2	0
11597861	0	1	0
11612176	0	4	0
11631847	0	1	0
11653769	0	1	0
11654532	0	1	0
11658779	0	6	0
11661274	0	2	0
11665821	0	1	0
11669976	0	1	0
11674404	0	3	0
11707031	0	1	0
11759738	0	1	0
11774056	0	2	0
11785123	0	1	0
11803024	0	2	0
11843167	0	1	0
11883101	0	1	0
11887303	0	1	0
11897657	0	1	0
11929836	0	5	0
11945658	0	1	0
11948749	0	1	0
11968003	0	0	1
12012281	0	1	0
12039737	0	1	0
12057402	0	2	0
12095641	0	1	0
12173380	0	1	0
12181613	0	1	0
12190454	0	1	0
12236778	0	1	0
12240911	0	5	0
12260058	0	2	0
12260492	0	1	0
12283556	0	1	0
12292175	0	1	0
12292511	0	1	0
12309489	0	1	0
12331524	0	5	0
12357394	0	2	0
12404215	0	1	0
12415941	0	1	0
12417118	0	3	0
12429927	0	2	0
12447801	0	1	0
12457228	0	1	0
12471047	0	2	0
12502679	0	1	0
12512665	0	1	0
12525800	0	1	0
12550479	0	1	0
12563921	0	1	0
12589759	0	1	0
12604288	0	1	0
12612420	0	2	0
12614503	0	1	0
12617790	0	3	0
12627043	0	2	0
12630781	0	1	0
12646494	0	1	0
12653942	0	1	0
12669518	0	1	0
12686152	0	2	0
12705496	0	1	0
12728232	0	1	0
12745840	0	1	0
12750654	0	1	0
12762225	0	1	0
12762705	0	2	0
12799597	0	1	0
12805408	0	3	0
12848545	0	1	0
12853753	0	1	0
12854105	0	1	0
12863992	0	3	0
12894900	0	4	0
12906554	0	1	0
12916523	0	1	0
12936444	0	2	0
12937541	0	4	0
12952775	0	1	0
13004750	0	1	0
13013841	0	3	0
13051829	0	4	0
13055285	0	1	0
13059479	0	1	0
13083388	0	1	0
13091691	0	1	0
13103002	0	1	0
13131745	0	1	0
13149254	0	1	0
13165416	0	4	0
13193428	0	1	0
13196257	0	1	0
13233524	0	1	0
13293849	0	2	0
13318317	0	1	0
13351898	0	1	0
13361583	0	1	0
13397328	0	1	0
13422972	0	1	0
13425626	0	1	0
13428563	0	1	0
13445547	0	1	0
13451005	0	1	0
13477295	0	1	0
13497244	0	1	0
13550021	0	2	0
13559631	0	1	0
13560129	0	1	0
13621058	0	1	0
13635247	0	4	0
13651630	0	1	0
13652886	0	1	0
13665329	0	1	0
13676204	0	4	0
13677185	0	1	0
13711034	0	4	0
13718563	0	1	0
13809622	0	1	0
13821179	0	1	0
13843300	0	0	1
13857185	0	4	0
13925520	0	1	0
13935650	0	1	0
13944462	0	1	0
13953889	0	1	0
13962641	0	2	0
14004991	0	1	0
14017376	0	1	0
14076874	0	1	0
14120168	0	1	0
14181112	0	1	0
14184956	0	1	0
14211665	0	3	0
14214666	0	1	0
14217699	0	2	0
14299269	0	1	0
14319211	0	1	0
14324580	0	1	0
14373141	0	2	0
14394346	0	3	0
14411033	0	1	0
14458731	0	1	0
14471264	0	1	0
14504679	0	1	0
14528234	0	1	0
14574272	0	1	0
14579318	0	2	0
14613718	0	1	0
14664940	0	2	0
14677458	0	4	0
14695539	0	1	0
14721322	0	1	0
14732702	0	1	0
14760851	0	1	0
14788091	0	1	0
14808504	0	1	0
14818208	0	0	1
14820832	0	2	0
14850415	0	1	0
14861601	0	2	0
14883004	0	5	0
14883384	0	3	0
14886221	0	1	0
14900563	0	2	0
14926218	0	1	0
14936918	0	7	0
14937961	0	1	0
14946202	0	1	0
14964302	0	1	0
14969186	0	1	0
14971858	0	1	0
14979550	0	1	0
14986360	0	1	0
14993114	0	1	0
15024314	0	1	0
15048089	0	2	0
15049584	0	0	1
15098763	0	1	0
15123398	0	1	0
15123427	0	1	0
15133570	0	1	0
15147524	0	9	0
15190379	0	2	0
15197575	0	2	0
15208768	0	1	0
15220568	0	2	0
15240906	0	2	0
15262184	0	1	0
15272525	0	1	0
15308762	0	1	0
15326702	0	1	0
15363050	0	1	0
15398906	0	1	0
15423918	0	1	0
15444186	0	3	0
15445486	0	2	0
15450753	0	1	0
15478854	0	1	0
15575228	0	1	0
15577581	0	1	0
15597432	0	1	0
15605537	0	2	0
15621800	0	5	0
15637328	0	1	0
15662676	0	2	0
15666756	0	2	0
15669395	0	1	0
15673408	0	1	0
15677371	0	1	0
15686859	0	1	0
15717007	0	1	0
15748276	0	1	0
15783180	0	5	0
15804396	0	1	0
15824856	0	2	0
15861391	0	2	0
15886235	0	1	0
15898269	0	3	0
15955780	0	1	0
15957563	0	1	0
16034234	0	2	0
16091919	0	1	0
16098513	0	3	0
16115655	0	3	0
16145294	0	1	0
16158043	0	1	0
16160806	0	1	0
16194022	0	0	1
16245686	0	1	0
16248177	0	1	0
16250816	0	2	0
16256218	0	1	0
16276525	0	1	0
16296880	0	1	0
16319136	0	1	0
16347288	0	1	0
16382496	0	0	1
16426530	0	0	1
16435858	0	1	0
16444921	0	1	0
16446404	0	1	0
16468702	0	1	0
16478184	0	1	0
16497003	0	1	0
16531248	0	1	0
16593982	0	1	0
16623025	0	1	0
16624100	0	1	0
16635037	0	2	0
16667017	0	4	0
16674199	0	1	0
16676665	0	2	0
16713518	0	1	0
16786050	0	3	0
16800464	0	1	0
16811484	0	1	0
16817392	0	1	0
16833722	0	4	0
16839578	0	2	0
16847492	0	1	0
16853493	0	1	0
16857546	0	2	0
16879170	0	1	0
16883035	0	1	0
16895228	0	1	0
16928916	0	1	0
16940910	0	2	0
16961835	0	1	0
16974643	0	1	0
16982113	0	1	0
16985084	0	1	0
16986942	0	1	0
17017338	0	6	0
17021270	0	2	0
17021309	0	1	0
17030473	0	1	0
17051816	0	7	0
17080035	0	1	0
17089349	0	1	0
17115703	0	1	0
17169577	0	1	0
17191205	0	2	0
17199468	0	2	0
17199875	0	7	0
17239591	0	1	0
17248838	0	2	0
17260852	0	1	0
17277074	0	1	0
17278530	0	1	0
17293143	0	2	0
17315395	0	2	0
17343138	0	4	0
17354761	0	1	0
17363352	0	3	0
17391518	0	1	0
17396425	0	1	0
17402740	0	3	0
17423627	0	1	0
17437492	0	1	0
17438433	0	1	0
17446218	0	1	0
17486291	0	1	0
17501159	0	1	0
17503550	0	1	0
17561032	0	1	0
17567283	0	1	0
17600024	0	1	0
17632528	0	2	0
17633458	0	1	0
17634991	0	2	0
17655812	0	1	0
17686720	0	1	0
17756413	0	1	0
17800478	0	5	0
17818793	0	7	0
17820929	0	1	0
17846618	0	1	0
17849178	0	1	0
17850646	0	1	0
17856254	0	1	0
17891096	0	1	0
17958589	0	1	0
17961592	0	7	0
17967775	0	1	0
17969670	0	1	0
17980162	0	1	0
18042999	0	3	0
18138579	0	1	0
18141529	0	1	0
18146848	0	0	1
18157465	0	1	0
18179809	0	2	0
18190322	0	1	0
18198684	0	1	0
18244002	0	1	0
18244703	0	1	0
18256896	0	1	0
18304295	0	1	0
18341276	0	1	0
18364303	0	3	0
18369326	0	2	0
18373319	0	1	0
18381239	0	0	1
18381241	0	0	1
18393592	0	1	0
18395980	0	1	0
18415408	0	1	0
18473793	0	1	0
18493952	0	2	0
18510591	0	1	0
18558532	0	1	0
18603057	0	1	0
18605108	0	1	0
18615211	0	1	0
18624847	0	1	0
18655695	0	2	0
18668659	0	6	0
18682089	0	4	0
18692155	0	1	0
18694999	0	1	0
18700553	0	1	0
18715469	0	2	0
18717358	0	1	0
18733767	0	1	0
18785021	0	1	0
18815560	0	1	0
18831246	0	2	0
18867550	0	5	0
18875631	0	1	0
18936069	0	7	0
18951050	0	1	0
18974329	0	1	0
18981430	0	1	0
19037631	0	6	0
19064672	0	1	0
19066017	0	1	0
19070238	0	3	0
19078930	0	7	0
19083994	0	2	0
19130414	0	2	0
19167986	0	3	0
19191601	0	2	0
19225240	0	3	0
19225323	0	1	0
19247398	0	1	0
19267343	0	2	0
19276312	0	1	0
19313199	0	1	0
19343391	0	1	0
19347011	0	1	0
19365467	0	1	0
19428838	0	1	0
19456991	0	2	0
19470306	0	1	0
19481080	0	1	0
19644848	0	1	0
19653068	0	1	0
19659634	0	1	0
19689060	0	1	0
19732653	0	2	0
19735114	0	1	0
19735440	0	2	0
19752253	0	4	0
19766566	0	1	0
19802465	0	2	0
19809508	0	5	0
19838677	0	1	0
19894479	0	1	0
19962872	0	1	0
19977795	0	3	0
19994608	0	1	0
20008141	0	1	0
20085511	0	3	0
20098029	0	2	0
20099484	0	1	0
20110140	0	1	0
20116025	0	1	0
20125374	0	1	0
20138405	0	2	0
20167895	0	1	0
20205473	0	1	0
20279796	0	2	0
20288108	0	1	0
20312770	0	5	0
20315302	0	0	1
20317612	0	1	0
20338458	0	1	0
20378142	0	7	0
20513615	0	3	0
20598860	0	1	0
20623227	0	5	0
20635150	0	2	0
20639059	0	1	0
20655969	0	1	0
20665774	0	1	0
20678997	0	1	0
20680253	0	1	0
20688812	0	0	1
20690734	0	3	0
20691510	0	1	0
20720735	0	1	0
20743007	0	1	0
20743687	0	3	0
20747651	0	2	0
20755679	0	2	0
20785799	0	1	0
20797679	0	1	0
20837626	0	1	0
20842493	0	7	0
20925885	0	1	0
20944115	0	4	0
20945994	0	1	0
20961511	0	7	0
20977307	0	1	0
21037279	0	1	0
21038489	0	1	0
21084660	0	1	0
21090156	0	1	0
21116112	0	1	0
21118693	0	1	0
21123797	0	1	0
21144569	0	4	0
21162440	0	1	0
21187660	0	1	0
21208733	0	1	0
21223396	0	1	0
21238553	0	1	0
21289677	0	1	0
21308324	0	1	0
21315953	0	1	0
21348901	0	1	0
21432748	0	1	0
21433042	0	1	0
21459425	0	1	0
21459477	0	1	0
21459506	0	2	0
21459539	0	1	0
21490617	0	2	0
21536046	0	3	0
21555393	0	1	0
21561494	0	2	0
21569503	0	1	0
21569743	0	1	0
21602383	0	1	0
21606835	0	2	0
21627528	0	1	0
21637143	0	1	0
21662138	0	2	0
21673344	0	1	0
21716818	0	1	0
21719124	0	1	0
21749273	0	1	0
21793365	0	1	0
21837617	0	1	0
21867816	0	1	0
21868805	0	1	0
21886514	0	1	0
21899242	0	1	0
21912782	0	1	0
21990256	0	1	0
21996752	0	2	0
21998197	0	1	0
22053442	0	1	0
22091620	0	1	0
22111027	0	2	0
22122661	0	1	0
22144490	0	1	0
22146529	0	1	0
22159063	0	1	0
22181748	0	2	0
22200438	0	1	0
22202889	0	1	0
22210667	0	1	0
22243685	0	1	0
22255568	0	2	0
22304898	0	2	0
22345675	0	1	0
22356963	0	1	0
22380309	0	1	0
22384998	0	3	0
22395883	0	1	0
22487352	0	1	0
22501247	0	2	0
22514710	0	1	0
22546686	0	1	0
22548416	0	2	0
22569917	0	3	0
22578285	0	1	0
22636863	0	1	0
22664279	0	1	0
22672387	0	1	0
22694880	0	2	0
22723517	0	1	0
22773865	0	7	0
22921441	0	1	0
22946457	0	1	0
22961995	0	4	0
22963843	0	1	0
22997251	0	1	0
23047594	0	1	0
23062562	0	1	0
23069886	0	1	0
23080643	0	1	0
23094782	0	1	0
23129202	0	1	0
23144902	0	1	0
23189896	0	2	0
23207906	0	1	0
23208193	0	1	0
23302785	0	2	0
23314274	0	2	0
23318822	0	1	0
23404050	0	1	0
23420075	0	1	0
23436543	0	1	0
23440513	0	1	0
23461845	0	1	0
23470612	0	1	0
23485477	0	2	0
23509977	0	3	0
23551813	0	1	0
23568948	0	1	0
23569251	0	1	0
23580798	0	3	0
23583743	0	1	0
23631271	0	1	0
23634691	0	1	0
23651689	0	1	0
23654593	0	0	1
23659902	0	1	0
23710534	0	1	0
23719697	0	1	0
23726584	0	1	0
23737972	0	1	0
23768038	0	6	0
23805254	0	1	0
23814220	0	1	0
23838327	0	1	0
23854798	0	1	0
23862205	0	1	0
23865523	0	1	0
23872457	0	4	0
23876810	0	1	0
23907389	0	1	0
23917769	0	1	0
23922101	0	4	0
23928201	0	1	0
23948470	0	1	0
23968371	0	3	0
23999668	0	5	0
24087249	0	1	0
24097802	0	1	0
24099721	0	7	0
24101594	0	4	0
24202578	0	1	0
24207782	0	1	0
24212189	0	1	0
24265719	0	1	0
24292082	0	1	0
24322510	0	0	1
24337399	0	1	0
24346652	0	1	0
24377187	0	1	0
24394848	0	1	0
24400076	0	3	0
24403858	0	1	0
24405531	0	1	0
24417711	0	1	0
24456972	0	1	0
24492703	0	1	0
24521607	0	0	1
24523676	0	0	1
24526418	0	1	0
24541612	0	3	0
24581779	0	1	0
24643454	0	2	0
24669687	0	1	0
24682516	0	0	1
24692965	0	2	0
24715391	0	4	0
24761166	0	1	0
24766923	0	1	0
24786453	0	3	0
24791145	0	1	0
24794022	0	1	0
24831490	0	1	0
24836679	0	1	0
24883343	0	2	0
24902910	0	1	0
24909125	0	2	0
24916009	0	1	0
24977069	0	5	0
24977954	0	1	0
24997517	0	1	0
25009489	0	1	0
25012063	0	1	0
25047798	0	1	0
25058502	0	2	0
25129851	0	3	0
25137688	0	7	0
25158302	0	4	0
25189910	0	1	0
25221277	0	3	0
25242839	0	1	0
25261781	0	1	0
25262904	0	1	0
25282274	0	2	0
25285753	0	1	0
25308271	0	1	0
25309293	0	1	0
25337894	0	1	0
25346301	0	3	0
25359810	0	2	0
25378030	0	0	1
25391923	0	2	0
25394377	0	1	0
25418550	0	1	0
25429066	0	2	0
25442768	0	1	0
25463419	0	1	0
25516301	0	1	0
25535977	0	2	0
25538453	0	1	0
25563137	0	1	0
25634837	0	1	0
25647252	0	1	0
25667663	0	4	0
25678184	0	1	0
25683915	0	0	1
25725379	0	1	0
25725735	0	1	0
25795038	0	2	0
25798076	0	1	0
25824447	0	3	0
25877714	0	1	0
25918472	0	1	0
25920705	0	4	0
25927546	0	1	0
25927842	0	1	0
25936312	0	1	0
25952878	0	1	0
25992078	0	3	0
26012897	0	1	0
26033868	0	1	0
26048145	0	2	0
26087112	0	1	0
26087392	0	1	0
26095066	0	1	0
26100926	0	1	0
26128594	0	1	0
26145698	0	1	0
26159786	0	4	0
26176363	0	1	0
26176443	0	1	0
26185799	0	1	0
26193930	0	2	0
26194149	0	2	0
26208963	0	0	1
26286525	0	1	0
26334266	0	4	0
26381428	0	1	0
26390234	0	2	0
26393900	0	1	0
26400558	0	1	0
26410252	0	1	0
26464301	0	2	0
26496548	0	3	0
26537464	0	1	0
26549985	0	10	0
26573366	0	1	0
26590212	0	1	0
26607560	0	1	0
26627557	0	1	0
26632397	0	1	0
26643716	0	1	0
26647412	0	1	0
26653369	0	1	0
26669830	0	1	0
26678953	0	0	1
26684139	0	1	0
26692288	0	1	0
26693750	0	1	0
26695161	0	1	0
26757686	0	2	0
26776386	0	1	0
26820037	0	1	0
26829042	0	1	0
26862128	0	2	0
26867615	0	1	0
26878443	0	2	0
26880329	0	1	0
26902786	0	1	0
26909653	0	2	0
26924334	0	2	0
27017900	0	1	0
27039777	0	1	0
27104188	0	2	0
27120961	0	1	0
27130970	0	2	0
27147618	0	1	0
27148765	0	1	0
27226429	0	1	0
27242309	0	1	0
27243103	0	4	0
27245711	0	1	0
27252773	0	1	0
27298530	0	1	0
27301766	0	1	0
27309268	0	1	0
27322174	0	3	0
27324667	0	1	0
27340398	0	2	0
27387679	0	1	0
27403546	0	1	0
27421809	0	1	0
27434847	0	2	0
27446029	0	1	0
27454794	0	1	0
27496968	0	2	0
27531470	0	2	0
27546886	0	1	0
27578094	0	1	0
27651892	0	1	0
27654423	0	1	0
27660477	0	1	0
27662313	0	1	0
27669969	0	1	0
27693541	0	2	0
27725083	0	1	0
27743922	0	1	0
27827677	0	2	0
27836913	0	1	0
27858304	0	1	0
27896471	0	1	0
27924765	0	2	0
27929544	0	1	0
27940407	0	1	0
27959476	0	3	0
28041667	0	2	0
28068389	0	1	0
28091730	0	1	0
28100737	0	1	0
28127891	0	2	0
28148747	0	4	0
28167786	0	1	0
28183620	0	1	0
28204679	0	1	0
28286292	0	1	0
28288746	0	1	0
28305675	0	1	0
28307983	0	1	0
28307988	0	1	0
28312301	0	1	0
28342486	0	1	0
28356381	0	1	0
28361302	0	2	0
28367619	0	1	0
28372672	0	1	0
28390971	0	1	0
28404778	0	2	0
28429918	0	4	0
28432038	0	1	0
28433424	0	1	0
28459256	0	2	0
28505071	0	2	0
28527131	0	1	0
28535449	0	1	0
28537378	0	1	0
28541731	0	1	0
28578995	0	1	0
28609342	0	1	0
28612445	0	1	0
28649056	0	1	0
28662024	0	1	0
28694946	0	1	0
28737935	0	1	0
28750903	0	1	0
28771635	0	6	0
28773193	0	1	0
28780649	0	4	0
28789529	0	5	0
28801682	0	1	0
28825524	0	1	0
28864271	0	1	0
28874735	0	1	0
28921639	0	1	0
28926136	0	1	0
28952049	0	1	0
28994943	0	1	0
29036610	0	1	0
29042954	0	1	0
29078192	0	1	0
29082636	0	1	0
29101660	0	1	0
29108750	0	1	0
29152350	0	1	0
29160569	0	1	0
29171115	0	2	0
29178516	0	1	0
29185281	0	1	0
29220203	0	1	0
29226236	0	1	0
29267192	0	1	0
29303003	0	1	0
29341167	0	1	0
29344180	0	2	0
29344344	0	1	0
29353398	0	6	0
29362001	0	1	0
29374226	0	1	0
29402642	0	1	0
29403412	0	1	0
29440454	0	1	0
29461180	0	1	0
29489688	0	1	0
29518803	0	1	0
29527839	0	1	0
29540931	0	1	0
29597393	0	1	0
29657818	0	4	0
29667669	0	4	0
29700640	0	1	0
29716725	0	1	0
29737581	0	1	0
29765900	0	1	0
29833648	0	2	0
29900050	0	0	1
29953824	0	2	0
29963724	0	1	0
30041741	0	1	0
30051987	0	1	0
30145532	0	3	0
30157405	0	1	0
30235485	0	1	0
30253746	0	1	0
30270726	0	2	0
30293000	0	1	0
30294581	0	2	0
30337325	0	2	0
30375023	0	1	0
30377559	0	1	0
30385994	0	1	0
30407949	0	0	1
30419137	0	2	0
30439066	0	1	0
30467786	0	1	0
30521075	0	1	0
30534035	0	1	0
30587106	0	1	0
30604544	0	1	0
30609648	0	1	0
30613844	0	1	0
30641722	0	1	0
30648558	0	3	0
30675288	0	1	0
30675594	0	1	0
30679390	0	1	0
30749991	0	1	0
30760662	0	3	0
30762516	0	2	0
30788241	0	1	0
30794383	0	1	0
30804755	0	2	0
30813786	0	2	0
30828510	0	1	0
30830287	0	1	0
30844168	0	1	0
30871090	0	1	0
30879898	0	0	1
30882249	0	2	0
30906060	0	1	0
30995411	0	4	0
31003751	0	1	0
31010279	0	1	0
31015246	0	1	0
31016594	0	1	0
31021385	0	1	0
31023133	0	1	0
31065065	0	0	1
31173266	0	1	0
31174895	0	5	0
31236993	0	3	0
31278614	0	1	0
31289137	0	2	0
31297495	0	1	0
31304042	0	1	0
31313129	0	1	0
31339097	0	1	0
31351586	0	1	0
31377865	0	1	0
31414638	0	1	0
31448051	0	1	0
31457728	0	1	0
31466306	0	1	0
31525324	0	3	0
31544023	0	1	0
31548513	0	1	0
31563469	0	2	0
31583043	0	1	0
31604079	0	1	0
31632985	0	2	0
31656474	0	1	0
31657492	0	1	0
31663703	0	1	0
31682256	0	2	0
31733303	0	1	0
31773429	0	1	0
31784016	0	2	0
31786196	0	0	1
31789162	0	1	0
31805439	0	1	0
31816832	0	1	0
31874670	0	2	0
32001985	0	4	0
32012241	0	1	0
32035397	0	2	0
32066953	0	1	0
32067361	0	1	0
32071651	0	1	0
32130947	0	2	0
32153922	0	1	0
32189056	0	1	0
32194359	0	1	0
32208329	0	1	0
32220366	0	1	0
32246027	0	2	0
32251302	0	2	0
32279757	0	1	0
32284842	0	1	0
32292600	0	1	0
32293034	0	2	0
32306163	0	1	0
32322850	0	0	1
32336250	0	1	0
32336532	0	1	0
32359357	0	1	0
32385325	0	5	0
32388048	0	1	0
32393178	0	1	0
32408533	0	1	0
32413385	0	1	0
32416311	0	3	0
32422277	0	3	0
32453543	0	3	0
32505971	0	1	0
32541542	0	1	0
32541922	0	1	0
32567686	0	1	0
32579549	0	1	0
32592802	0	1	0
32593635	0	1	0
32619842	0	1	0
32634539	0	2	0
32660634	0	1	0
32660810	0	1	0
32676275	0	1	0
32687926	0	1	0
32688167	0	1	0
32688633	0	1	0
32720365	0	1	0
32749058	0	1	0
32755853	0	1	0
32762714	0	2	0
32786062	0	1	0
32835073	0	3	0
32841670	0	1	0
32845478	0	1	0
32867230	0	1	0
32874788	0	1	0
32874995	0	1	0
32885178	0	2	0
32904022	0	1	0
32946733	0	1	0
32957298	0	5	0
32964876	0	1	0
33019568	0	1	0
33032107	0	3	0
33043769	0	1	0
33049345	0	1	0
33057126	0	2	0
33062737	0	6	0
33064783	0	1	0
33145490	0	1	0
33224266	0	1	0
33262187	0	1	0
33298500	0	1	0
33313624	0	1	0
33387746	0	1	0
33391411	0	1	0
33433864	0	1	0
33458540	0	1	0
33514850	0	2	0
33520663	0	6	0
33604711	0	2	0
33608559	0	1	0
33612142	0	2	0
33661083	0	1	0
33661940	0	1	0
33700657	0	1	0
33741207	0	1	0
33749420	0	5	0
33764757	0	1	0
33802635	0	1	0
33806752	0	1	0
33812821	0	1	0
33820503	0	1	0
33828280	0	2	0
33834156	0	1	0
33839771	0	2	0
33871025	0	1	0
33886332	0	2	0
33892727	0	1	0
33893058	0	1	0
33929633	0	3	0
33933507	0	1	0
33940805	0	2	0
33975464	0	1	0
34004535	0	3	0
34005460	0	1	0
34005731	0	3	0
34018196	0	2	0
34024245	0	1	0
34041873	0	1	0
34085565	0	2	0
34117230	0	1	0
34124041	0	1	0
34166088	0	2	0
34169403	0	2	0
34183254	0	1	0
34204483	0	1	0
34220434	0	2	0
34239987	0	2	0
34241371	0	1	0
34241559	0	1	0
34301423	0	2	0
34328321	0	1	0
34360581	0	1	0
34361216	0	1	0
34361771	0	1	0
34367816	0	2	0
34379255	0	1	0
34413668	0	1	0
34436027	0	1	0
34480773	0	2	0
34488157	0	1	0
34618289	0	3	0
34652494	0	2	0
34664355	0	1	0
34680428	0	1	0
34709507	0	1	0
34721668	0	1	0
34758616	0	0	1
34797427	0	1	0
34798248	0	3	0
34803631	0	1	0
34888761	0	1	0
34909099	0	1	0
34960832	0	1	0
35003192	0	1	0
35006181	0	2	0
35077301	0	1	0
35105424	0	1	0
35129657	0	1	0
35137889	0	1	0
35139232	0	1	0
35272380	0	0	1
35281126	0	1	0
35286154	0	1	0
35293095	0	1	0
35297470	0	1	0
35299863	0	1	0
35347542	0	1	0
35351654	0	0	1
35367538	0	1	0
35426097	0	2	0
35434419	0	1	0
35443723	0	1	0
35445462	0	1	0
35495971	0	1	0
35653172	0	0	1
35722796	0	1	0
35756802	0	1	0
35761807	0	1	0
35770874	0	1	0
35777260	0	1	0
35782780	0	3	0
35784081	0	1	0
35824171	0	1	0
35861584	0	1	0
35867347	0	1	0
35915382	0	1	0
35927341	0	1	0
35943488	0	1	0
35955113	0	1	0
35969280	0	1	0
35990480	0	1	0
36013523	0	1	0
36083139	0	2	0
36116238	0	1	0
36157308	0	1	0
36163524	0	1	0
36246705	0	1	0
36312686	0	1	0
36371468	0	1	0
36377991	0	3	0
36416088	0	1	0
36423153	0	1	0
36426891	0	1	0
36430104	0	1	0
36431952	0	2	0
36455602	0	1	0
36482803	0	1	0
36512487	0	1	0
36544349	0	2	0
36584778	0	6	0
36635374	0	1	0
36679619	0	2	0
36738139	0	2	0
36758827	0	1	0
36788903	0	1	0
36798440	0	0	1
36825573	0	1	0
36861875	0	1	0
36878721	0	1	0
36892510	0	2	0
36893374	0	1	0
36962975	0	1	0
36966130	0	2	0
36969433	0	4	0
37033672	0	1	0
37062466	0	1	0
37109815	0	6	0
37191858	0	1	0
37192263	0	1	0
37194714	0	2	0
37201734	0	2	0
37206424	0	1	0
37226360	0	1	0
37266964	0	2	0
37356304	0	1	0
37389021	0	1	0
37419677	0	1	0
37419807	0	1	0
37441163	0	1	0
37460590	0	3	0
37540353	0	3	0
37629312	0	2	0
37646353	0	1	0
37659392	0	1	0
37690571	0	1	0
37732838	0	1	0
37754520	0	2	0
37800064	0	1	0
37809941	0	1	0
37833749	0	1	0
37892595	0	1	0
37907713	0	2	0
37921213	0	1	0
37932336	0	2	0
37939482	0	3	0
37944729	0	1	0
37948255	0	1	0
37979805	0	3	0
37986469	0	2	0
38078156	0	2	0
38110871	0	1	0
38142515	0	2	0
38183155	0	1	0
38238634	0	1	0
38262111	0	1	0
38269589	0	1	0
38288008	0	1	0
38306611	0	0	1
38315562	0	2	0
38316792	0	1	0
38318160	0	1	0
38337796	0	1	0
38393522	0	1	0
38393878	0	1	0
38431428	0	2	0
38436012	0	6	0
38436013	0	2	0
38437930	0	1	0
38449079	0	1	0
38450812	0	1	0
38487853	0	2	0
38490609	0	1	0
38546304	0	1	0
38548147	0	1	0
38564068	0	1	0
38565062	0	1	0
38642039	0	1	0
38671014	0	1	0
38676963	0	2	0
38705957	0	1	0
38710131	0	1	0
38713063	0	2	0
38732381	0	3	0
38766517	0	1	0
38778433	0	1	0
38837901	0	1	0
38898470	0	1	0
38913126	0	2	0
38917760	0	1	0
38945992	0	2	0
38964623	0	1	0
38966023	0	3	0
39023893	0	3	0
39065987	0	1	0
39080160	0	4	0
39080161	0	3	0
39138889	0	1	0
39173441	0	0	1
39260808	0	1	0
39329356	0	0	1
39368446	0	2	0
39397722	0	2	0
39429201	0	2	0
39436312	0	3	0
39468248	0	0	1
39485923	0	1	0
39532487	0	1	0
39544895	0	1	0
39585367	0	1	0
39714660	0	1	0
39734889	0	2	0
39808184	0	2	0
39814078	0	1	0
39819478	0	1	0
39835130	0	1	0
39857497	0	1	0
39881074	0	1	0
39886544	0	1	0
39903423	0	1	0
39916686	0	3	0
39945747	0	5	0
39983024	0	1	0
40046411	0	1	0
40102596	0	1	0
40188451	0	2	0
40227219	0	1	0
40286397	0	2	0
40302798	0	1	0
40321269	0	3	0
40341156	0	1	0
40401233	0	1	0
40416828	0	2	0
40425214	0	1	0
40432404	0	1	0
40432586	0	6	0
40433379	0	1	0
40456091	0	1	0
40465655	0	1	0
40636904	0	1	0
40653650	0	1	0
40654773	0	1	0
40660431	0	1	0
40662192	0	1	0
40694761	0	3	0
40731652	0	2	0
40741792	0	2	0
40752355	0	1	0
40779076	0	0	1
40787195	0	1	0
40791421	0	1	0
40829675	0	1	0
40872309	0	1	0
40939230	0	2	0
40956479	0	2	0
40977757	0	1	0
40985730	0	1	0
40990634	0	1	0
40994748	0	1	0
41007138	0	1	0
41028204	0	2	0
41033543	0	1	0
41078626	0	3	0
41083773	0	1	0
41093303	0	1	0
41100858	0	1	0
41155528	0	1	0
41163997	0	4	0
41176712	0	1	0
41228145	0	1	0
41234666	0	1	0
41344777	0	1	0
41353657	0	1	0
41446916	0	0	1
41464995	0	1	0
41470206	0	1	0
41491838	0	1	0
41506095	0	2	0
41510504	0	1	0
41527342	0	1	0
41536457	0	0	1
41557406	0	1	0
41566040	0	1	0
41596448	0	1	0
41609749	0	1	0
41651780	0	0	1
41655569	0	1	0
41656671	0	1	0
41697118	0	2	0
41708945	0	1	0
41722445	0	0	1
41733837	0	0	1
41742650	0	1	0
41777101	0	1	0
41822397	0	4	0
41857686	0	1	0
41861306	0	1	0
41871034	0	1	0
41875030	0	4	0
41974002	0	1	0
41974548	0	7	0
41981917	0	3	0
42040616	0	1	0
42055680	0	1	0
42077930	0	2	0
42103119	0	7	0
42115182	0	1	0
42130480	0	1	0
42136263	0	6	0
42146676	0	1	0
42160392	0	1	0
42205740	0	1	0
42215973	0	1	0
42217420	0	2	0
42317913	0	1	0
42328701	0	1	0
42338776	0	2	0
42348752	0	2	0
42374563	0	1	0
42377325	0	2	0
42438732	0	4	0
42516222	0	2	0
42556930	0	1	0
42575560	0	2	0
42707651	0	1	0
42765932	0	1	0
42779763	0	1	0
42817169	0	1	0
42823041	0	2	0
42840252	0	1	0
42873395	0	1	0
42873521	0	2	0
42873945	0	2	0
42879714	0	2	0
42889243	0	2	0
42904987	0	1	0
43001541	0	2	0
43050099	0	3	0
43073940	0	3	0
43110444	0	1	0
43126502	0	1	0
43128435	0	2	0
43141374	0	1	0
43151790	0	3	0
43159300	0	1	0
43168592	0	1	0
43178678	0	1	0
43215224	0	1	0
43396897	0	1	0
43411706	0	2	0
43442423	0	1	0
43458743	0	1	0
43462204	0	2	0
43470180	0	1	0
43470290	0	2	0
43503883	0	0	1
43504036	0	0	1
43508679	0	1	0
43508720	0	1	0
43510972	0	4	0
43510999	0	3	0
43511010	0	1	0
43511015	0	3	0
43511018	0	1	0
43511029	0	1	0
43511034	0	1	0
43511035	0	1	0
43511036	0	3	0
43511039	0	1	0
43511050	0	1	0
43511069	0	1	0
43511070	0	1	0
43511075	0	1	0
43511079	0	1	0
43511091	0	1	0
43511106	0	1	0
43511114	0	1	0
43511157	0	1	0
43512064	0	3	0
43557052	0	1	0
43558245	0	1	0
43585273	0	1	0
43612414	0	1	0
43626067	0	1	0
43626088	0	1	0
43640100	0	1	0
43644065	0	1	0
43662695	0	1	0
43678269	0	1	0
43683149	0	1	0
43692457	0	2	0
43730515	0	1	0
43743421	0	1	0
43747049	0	1	0
43779861	0	2	0
43787467	0	1	0
43791964	0	3	0
43807657	0	1	0
43814205	0	1	0
43847306	0	1	0
43864506	0	1	0
43945343	0	1	0
44002710	0	1	0
44012172	0	10	0
44072750	0	1	0
44121902	0	1	0
44125390	0	2	0
44129388	0	2	0
44139390	0	1	0
44173105	0	4	0
44173146	0	2	0
44173208	0	1	0
44173276	0	2	0
44195472	0	1	0
44234888	0	1	0
44279540	0	1	0
44305306	0	1	0
44316369	0	1	0
44443487	0	2	0
44468307	0	8	0
44494185	0	1	0
44517899	0	1	0
44521383	0	2	0
44540881	0	1	0
44545103	0	0	1
44576740	0	1	0
44580904	0	1	0
44584147	0	1	0
44598234	0	3	0
44615116	0	1	0
44624339	0	1	0
44645133	0	4	0
44654185	0	1	0
44654655	0	1	0
44671222	0	1	0
44671935	0	1	0
44693166	0	1	0
44703948	0	4	0
44704876	0	1	0
44723398	0	1	0
44752713	0	4	0
44788947	0	1	0
44859672	0	1	0
44875768	0	2	0
44907563	0	1	0
44981382	0	4	0
45011839	0	2	0
45075201	0	3	0
45075271	0	1	0
45086897	0	1	0
45089553	0	1	0
45094958	0	0	1
45133834	0	2	0
45136846	0	1	0
45234089	0	1	0
45260166	0	1	0
45290928	0	2	0
45340160	0	0	1
45366597	0	1	0
45375556	0	1	0
45391208	0	1	0
45439161	0	1	0
45468027	0	1	0
45485713	0	1	0
45517549	0	1	0
45534408	0	1	0
45552232	0	1	0
45556882	0	1	0
45575300	0	1	0
45582395	0	2	0
45610502	0	1	0
45632084	0	5	0
45685883	0	1	0
45697735	0	1	0
45713548	0	1	0
45750776	0	1	0
45767937	0	1	0
45780894	0	1	0
45795240	0	2	0
45795823	0	1	0
45797361	0	1	0
45918015	0	1	0
45932004	0	2	0
46016375	0	1	0
46093989	0	1	0
46126435	0	1	0
46146746	0	1	0
46169070	0	1	0
46211792	0	1	0
46288496	0	1	0
46294765	0	2	0
46312849	0	1	0
46324648	0	1	0
46350874	0	1	0
46360489	0	0	1
46371617	0	2	0
46387711	0	3	0
46407282	0	1	0
46414997	0	1	0
46433706	0	2	0
46481448	0	1	0
46497404	0	1	0
46524159	0	1	0
46539384	0	1	0
46560560	0	1	0
46562974	0	3	0
46579979	0	4	0
46607941	0	1	0
46613350	0	5	0
46641850	0	1	0
46648658	0	1	0
46662184	0	1	0
46678136	0	1	0
46722018	0	0	1
46732189	0	1	0
46733413	0	2	0
46733564	0	1	0
46740285	0	1	0
46822870	0	3	0
46825103	0	1	0
46852549	0	1	0
46853087	0	1	0
46860959	0	1	0
46884818	0	1	0
46921368	0	1	0
46947880	0	1	0
47019255	0	1	0
47032731	0	6	0
47042039	0	1	0
47083381	0	1	0
47094912	0	1	0
47147701	0	1	0
47155075	0	3	0
47166212	0	1	0
47210017	0	1	0
47212538	0	1	0
47249372	0	1	0
47256726	0	1	0
47305303	0	1	0
47317434	0	1	0
47318019	0	1	0
47323196	0	1	0
47329705	0	1	0
47372292	0	2	0
47396383	0	2	0
47412322	0	1	0
47431592	0	2	0
47442086	0	1	0
47443759	0	1	0
47444926	0	1	0
47455947	0	1	0
47471958	0	1	0
47481338	0	1	0
47495732	0	2	0
47498233	0	1	0
47508566	0	1	0
47605993	0	1	0
47663404	0	2	0
47665357	0	1	0
47703343	0	1	0
47714103	0	1	0
47764784	0	2	0
47777759	0	2	0
47783405	0	1	0
47875361	0	3	0
47883640	0	1	0
47896576	0	3	0
47959999	0	1	0
47994921	0	1	0
48046252	0	1	0
48056464	0	2	0
48069598	0	1	0
48079265	0	1	0
48092754	0	3	0
48108388	0	3	0
48112116	0	1	0
48121111	0	1	0
48127124	0	1	0
48134994	0	1	0
48141336	0	2	0
48180312	0	2	0
48235159	0	1	0
48266899	0	1	0
48336866	0	1	0
48338174	0	1	0
48418855	0	2	0
48437981	0	1	0
48457711	0	1	0
48474647	0	1	0
48486395	0	1	0
48486515	0	8	0
48496334	0	2	0
48497549	0	1	0
48529620	0	1	0
48549077	0	2	0
48553878	0	3	0
48604438	0	3	0
48621139	0	1	0
48630256	0	3	0
48767619	0	1	0
48829441	0	1	0
48836794	0	1	0
48837282	0	1	0
48846955	0	6	0
48882495	0	2	0
48886800	0	1	0
48897784	0	3	0
48898652	0	1	0
48931611	0	1	0
48939030	0	1	0
48947059	0	2	0
48951558	0	6	0
49032509	0	1	0
49064285	0	1	0
49073188	0	1	0
49096200	0	1	0
49153978	0	2	0
49154816	0	2	0
49172081	0	1	0
49174256	0	2	0
49175158	0	1	0
49201420	0	0	1
49203774	0	1	0
49214394	0	0	1
49226527	0	1	0
49238816	0	1	0
49286527	0	1	0
49345304	0	1	0
49379202	0	1	0
49399888	0	1	0
49413250	0	2	0
49447744	0	1	0
49456480	0	1	0
49458873	0	1	0
49489779	0	1	0
49544414	0	1	0
49584815	0	1	0
49587287	0	1	0
49604390	0	1	0
49613690	0	1	0
49617298	0	3	0
49698893	0	4	0
49710395	0	1	0
49721712	0	0	1
49745287	0	1	0
49759563	0	1	0
49825304	0	1	0
49841820	0	1	0
49872007	0	1	0
49873254	0	1	0
49897063	0	1	0
49899973	0	1	0
49954829	0	1	0
50035203	0	1	0
50038283	0	1	0
50060497	0	3	0
50124343	0	1	0
50178297	0	3	0
50202579	0	2	0
50248200	0	3	0
50273548	0	1	0
50318835	0	1	0
50327864	0	1	0
50328807	0	1	0
50337834	0	4	0
50363949	0	1	0
50418904	0	3	0
50420798	0	1	0
50443318	0	2	0
50555150	0	1	0
50609377	0	1	0
50694655	0	1	0
50732013	0	1	0
50734773	0	1	0
50754437	0	1	0
50809588	0	7	0
50874371	0	1	0
50961516	0	1	0
50971569	0	1	0
50981719	0	6	0
51060707	0	4	0
51073300	0	1	0
51122560	0	7	0
51138258	0	1	0
51138790	0	1	0
51138982	0	1	0
51157744	0	1	0
51161877	0	3	0
51180279	0	1	0
51200199	0	1	0
51206263	0	1	0
51245113	0	0	1
51305013	0	5	0
51320034	0	1	0
51336833	0	1	0
51348198	0	1	0
51351302	0	1	0
51403199	0	1	0
51433659	0	6	0
51450495	0	1	0
51500484	0	1	0
51501348	0	1	0
51517644	0	1	0
51543947	0	1	0
51620292	0	3	0
51662000	0	1	0
51669049	0	2	0
51679262	0	2	0
51697665	0	1	0
51730572	0	4	0
51752595	0	1	0
51761284	0	1	0
51777529	0	1	0
51790730	0	1	0
51811632	0	1	0
51822841	0	2	0
51832281	0	2	0
51862782	0	1	0
51882279	0	1	0
51915564	0	1	0
51978190	0	1	0
52125130	0	1	0
52191006	0	6	0
52273669	0	2	0
52315438	0	1	0
52372744	0	0	1
52520622	0	3	0
52681453	0	1	0
52727279	0	3	0
52734009	0	1	0
52753044	0	1	0
52765536	0	1	0
52786979	0	1	0
52802195	0	1	0
52811155	0	1	0
52812858	0	1	0
52928894	0	1	0
52934090	0	4	0
52958419	0	2	0
53159830	0	1	0
53162074	0	2	0
53197794	0	1	0
53207964	0	1	0
53209491	0	1	0
53217222	0	1	0
53217761	0	1	0
53266133	0	1	0
53291515	0	3	0
53309795	0	0	1
53317133	0	3	0
53327452	0	1	0
53335892	0	2	0
53356308	0	1	0
53356309	0	1	0
53356310	0	1	0
53357171	0	3	0
53357185	0	1	0
53357186	0	1	0
53357187	0	2	0
53362240	0	2	0
53370137	0	1	0
53370138	0	3	0
53421632	0	2	0
53429037	0	1	0
53443199	0	1	0
53486895	0	1	0
53543497	0	4	0
53558735	0	2	0
53580331	0	1	0
53632067	0	1	0
53682889	0	3	0
53699066	0	1	0
53776545	0	1	0
53919339	0	1	0
53947532	0	1	0
53963198	0	2	0
53975899	0	1	0
53985000	0	1	0
54008788	0	1	0
54024800	0	1	0
54025939	0	1	0
54034946	0	1	0
54069616	0	1	0
54120388	0	1	0
54148537	0	1	0
54172496	0	1	0
54212596	0	1	0
54220734	0	1	0
54222753	0	1	0
54258102	0	1	0
54272234	0	1	0
54299895	0	1	0
54384167	0	1	0
54386213	0	1	0
54430019	0	1	0
54530630	0	1	0
54549516	0	1	0
54565024	0	1	0
54567473	0	3	0
54589877	0	1	0
54618758	0	1	0
54697952	0	1	0
54706627	0	1	0
54713623	0	1	0
54713630	0	1	0
54713636	0	4	0
54713645	0	2	0
54713655	0	2	0
54713666	0	1	0
54734893	0	1	0
54740809	0	1	0
54758843	0	1	0
54764943	0	4	0
54768195	0	1	0
54816807	0	1	0
54847928	0	1	0
54879826	0	0	1
54880722	0	1	0
54945923	0	1	0
54967308	0	1	0
55094277	0	1	0
55104505	0	1	0
55121921	0	1	0
55131996	0	3	0
55157109	0	1	0
55266509	0	1	0
55313122	0	1	0
55391729	0	1	0
55427229	0	2	0
55449123	0	3	0
55454186	0	3	0
55473802	0	1	0
55523055	0	1	0
55571941	0	1	0
55591153	0	1	0
55596962	0	6	0
55618415	0	1	0
55634745	0	2	0
55657638	0	1	0
55676064	0	1	0
55680527	0	3	0
55692760	0	1	0
55723839	0	1	0
55777413	0	1	0
55925284	0	1	0
55963667	0	1	0
55984552	0	4	0
56016070	0	1	0
56023811	0	5	0
56068364	0	1	0
56083154	0	3	0
56085591	0	2	0
56090847	0	3	0
56188927	0	2	0
56250122	0	3	0
56268353	0	2	0
56280318	0	1	0
56359168	0	2	0
56499404	0	2	0
56511376	0	1	0
56584076	0	1	0
56634259	0	1	0
56706534	0	1	0
56747554	0	1	0
56864690	0	1	0
56891584	0	1	0
56910651	0	4	0
56929162	0	1	0
56967797	0	1	0
57022169	0	3	0
57044677	0	2	0
57089074	0	1	0
57111497	0	2	0
57123485	0	1	0
57168342	0	2	0
57186682	0	0	1
57186715	0	0	1
57203995	0	2	0
57318691	0	1	0
57393114	0	2	0
57406069	0	5	0
57523793	0	1	0
57608155	0	3	0
57612991	0	1	0
57712502	0	3	0
57771631	0	1	0
57838550	0	1	0
57873243	0	0	1
57919451	0	1	0
57931061	0	2	0
57977582	0	1	0
58040176	0	1	0
58041665	0	1	0
58079670	0	1	0
58081920	0	1	0
58104435	0	2	0
58105981	0	1	0
58128286	0	1	0
58130119	0	2	0
58131846	0	3	0
58143710	0	1	0
58164239	0	4	0
58165488	0	1	0
58215203	0	1	0
58301795	0	2	0
58314528	0	1	0
58357023	0	1	0
58381375	0	1	0
58388123	0	4	0
58411376	0	1	0
58412488	0	2	0
58491738	0	3	0
58512642	0	8	0
58551178	0	1	0
58552561	0	1	0
58592879	0	3	0
58601222	0	1	0
58641980	0	1	0
58663365	0	1	0
58672079	0	1	0
58675610	0	1	0
58688102	0	1	0
58698117	0	1	0
58757299	0	1	0
58814058	0	1	0
58820265	0	1	0
58836111	0	1	0
58844792	0	1	0
58874947	0	1	0
58917784	0	1	0
58948242	0	3	0
58953407	0	3	0
58956514	0	1	0
58983740	0	1	0
58985932	0	1	0
59113904	0	1	0
59214577	0	2	0
59274053	0	0	1
59283165	0	1	0
59377374	0	1	0
59384516	0	1	0
59398225	0	1	0
59401708	0	1	0
59418616	0	1	0
59421187	0	1	0
59437918	0	1	0
59550096	0	1	0
59550846	0	1	0
59558639	0	5	0
59563120	0	1	0
59576663	0	1	0
59587012	0	1	0
59598231	0	1	0
59660741	0	1	0
59707819	0	1	0
59738821	0	0	1
59801811	0	2	0
59811561	0	2	0
59838985	0	1	0
59913306	0	1	0
60056748	0	7	0
60078446	0	1	0
60090714	0	1	0
60107858	0	2	0
60229432	0	2	0
60231708	0	1	0
60233112	0	1	0
60242711	0	1	0
60292622	0	1	0
60307255	0	1	0
60342738	0	1	0
60435102	0	1	0
60454356	0	1	0
60478877	0	1	0
60485921	0	1	0
60494460	0	1	0
60507026	0	1	0
60509355	0	2	0
60517875	0	1	0
60550053	0	1	0
60575579	0	1	0
60652521	0	2	0
60663446	0	2	0
60718356	0	1	0
60752964	0	1	0
60781678	0	1	0
60793128	0	1	0
60801151	0	1	0
60865941	0	3	0
60888327	0	1	0
60927766	0	2	0
60944071	0	1	0
61001171	0	2	0
61006492	0	1	0
61035356	0	1	0
61143913	0	2	0
61171005	0	1	0
61284990	0	1	0
61312297	0	1	0
61330652	0	1	0
61335866	0	2	0
61353395	0	1	0
61358056	0	1	0
61363972	0	1	0
61375949	0	1	0
61421296	0	1	0
61435589	0	2	0
61447234	0	1	0
61549555	0	1	0
61577508	0	4	0
61589962	0	1	0
61618191	0	1	0
61649556	0	1	0
61659643	0	1	0
61672396	0	1	0
61749440	0	0	1
61749603	0	0	1
61772193	0	2	0
61795128	0	2	0
61827036	0	2	0
61932139	0	1	0
61996615	0	1	0
62300665	0	3	0
62342226	0	3	0
62491520	0	1	0
62492783	0	1	0
62503494	0	1	0
62523196	0	1	0
62525739	0	1	0
62527128	0	3	0
62558433	0	2	0
62566816	0	1	0
62581955	0	1	0
62615100	0	1	0
62646619	0	1	0
62647528	0	1	0
62657897	0	1	0
62750730	0	1	0
62755958	0	0	1
62909693	0	4	0
62910064	0	1	0
62929744	0	1	0
62933626	0	1	0
62977698	0	2	0
62990285	0	1	0
63010824	0	1	0
63129405	0	1	0
63164200	0	1	0
63170281	0	2	0
63331099	0	1	0
63394773	0	1	0
63461202	0	1	0
63648440	0	1	0
63661135	0	1	0
63676198	0	2	0
63691966	0	1	0
63694402	0	2	0
63752824	0	2	0
63774451	0	1	0
63867396	0	1	0
63870181	0	3	0
63872488	0	1	0
63875506	0	1	0
63946100	0	1	0
64018116	0	1	0
64025734	0	1	0
64092099	0	0	1
64203026	0	1	0
64223713	0	4	0
64231050	0	1	0
64251168	0	1	0
64427617	0	2	0
64458338	0	3	0
64480680	0	1	0
64490470	0	1	0
64506977	0	1	0
64510124	0	1	0
64539094	0	2	0
64686080	0	3	0
64702963	0	2	0
64799749	0	1	0
64821316	0	1	0
64881315	0	1	0
64912257	0	2	0
64965111	0	1	0
64977907	0	1	0
65023955	0	4	0
65037543	0	0	1
65043773	0	2	0
65091526	0	1	0
65171530	0	1	0
65228827	0	1	0
65245542	0	4	0
65254584	0	0	1
65317139	0	1	0
65320363	0	2	0
65357777	0	1	0
65472431	0	1	0
65483415	0	1	0
65492779	0	2	0
65520051	0	3	0
65557280	0	1	0
65567030	0	1	0
65577343	0	1	0
65658585	0	1	0
65666964	0	3	0
65691330	0	1	0
65692924	0	5	0
65695239	0	1	0
65699534	0	2	0
65709147	0	1	0
65895202	0	1	0
65902783	0	2	0
65957755	0	1	0
65999058	0	1	0
66039707	0	3	0
66044459	0	1	0
66053487	0	1	0
66183549	0	2	0
66200658	0	1	0
66225262	0	1	0
66255790	0	1	0
66310751	0	0	1
66331254	0	2	0
66361348	0	1	0
66365836	0	1	0
66393013	0	2	0
66453534	0	1	0
66519236	0	1	0
66526275	0	4	0
66620033	0	2	0
66687593	0	2	0
66762960	0	1	0
66786398	0	0	1
66796787	0	1	0
66896263	0	1	0
66935615	0	4	0
66985778	0	4	0
66987642	0	4	0
67011535	0	1	0
67035777	0	3	0
67071927	0	6	0
67138992	0	2	0
67199258	0	2	0
67240943	0	1	0
67245367	0	2	0
67300429	0	2	0
67333856	0	0	1
67333880	0	0	1
67342061	0	3	0
67362648	0	2	0
67368443	0	1	0
67421916	0	1	0
67531378	0	1	0
67551946	0	1	0
67555017	0	0	1
67605923	0	1	0
67640178	0	1	0
67715054	0	1	0
67718847	0	1	0
67744421	0	2	0
67775847	0	1	0
67776669	0	1	0
67780949	0	1	0
67832137	0	2	0
67935622	0	2	0
67972674	0	1	0
67981269	0	1	0
68006177	0	1	0
68010275	0	1	0
68020916	0	1	0
68100085	0	1	0
68100977	0	1	0
68108476	0	1	0
68156376	0	1	0
68199643	0	4	0
68208476	0	2	0
68316267	0	1	0
68333016	0	3	0
68393043	0	1	0
68447574	0	1	0
68500846	0	3	0
68537876	0	1	0
68570435	0	1	0
68607514	0	1	0
68661533	0	1	0
68671224	0	1	0
68793669	0	1	0
68822038	0	1	0
68850701	0	1	0
68883853	0	1	0
68974806	0	1	0
69006065	0	1	0
69020524	0	1	0
69060053	0	1	0
69077703	0	1	0
69106550	0	1	0
69108160	0	1	0
69152101	0	1	0
69284396	0	1	0
69330364	0	1	0
69375087	0	1	0
69389722	0	1	0
69468808	0	1	0
69474327	0	1	0
69638460	0	1	0
69707851	0	1	0
69727449	0	1	0
69774891	0	1	0
69789856	0	1	0
69808023	0	1	0
69808797	0	3	0
69820456	0	1	0
69824877	0	3	0
69886085	0	1	0
69892760	0	3	0
69944282	0	1	0
69969046	0	4	0
69983010	0	1	0
69999624	0	1	0
70016895	0	1	0
70107176	0	2	0
70160853	0	3	0
70162265	0	3	0
70166814	0	1	0
70182295	0	1	0
70219605	0	2	0
70264399	0	2	0
70265555	0	2	0
70297597	0	1	0
70373237	0	1	0
70395466	0	1	0
70489000	0	1	0
70527949	0	1	0
70537654	0	2	0
70631421	0	1	0
70846030	0	1	0
70868737	0	2	0
70980211	0	1	0
71037002	0	2	0
71067408	0	6	0
71072542	0	1	0
71073420	0	1	0
71102356	0	1	0
71157793	0	3	0
71181678	0	3	0
71220199	0	4	0
71248048	0	1	0
71270558	0	1	0
71381416	0	1	0
71463166	0	1	0
71554872	0	1	0
71572638	0	2	0
71654618	0	1	0
71729209	0	1	0
71731178	0	2	0
71838613	0	1	0
71916858	0	1	0
71975054	0	1	0
71988724	0	3	0
72113506	0	1	0
72158210	0	2	0
72159303	0	2	0
72163216	0	2	0
72216771	0	2	0
72278321	0	2	0
72348556	0	1	0
72419376	0	1	0
72437120	0	1	0
72601086	0	1	0
72757051	0	1	0
72759833	0	0	1
72831795	0	2	0
72980280	0	2	0
73026345	0	1	0
73113439	0	1	0
73132285	0	1	0
73197829	0	2	0
73343065	0	2	0
73358120	0	1	0
73410985	0	2	0
73620131	0	2	0
73639100	0	1	0
73739405	0	1	0
73862386	0	1	0
73900072	0	1	0
74008301	0	2	0
74012532	0	5	0
74024887	0	1	0
74103311	0	1	0
74106162	0	1	0
74129802	0	1	0
74187789	0	1	0
74224957	0	1	0
74244861	0	1	0
74251989	0	2	0
74281728	0	1	0
74296865	0	1	0
74343989	0	1	0
74378143	0	1	0
74453147	0	4	0
74630778	0	4	0
74665687	0	1	0
74715026	0	1	0
74746081	0	1	0
74756617	0	4	0
74788716	0	2	0
74843989	0	1	0
74867939	0	4	0
74883968	0	1	0
74888916	0	1	0
75022963	0	1	0
75130205	0	1	0
75215836	0	1	0
75233947	0	1	0
75310950	0	1	0
75321843	0	1	0
75388736	0	1	0
75418933	0	1	0
75471087	0	1	0
75517611	0	2	0
75526344	0	1	0
75580471	0	1	0
75662805	0	3	0
75685971	0	2	0
75779826	0	1	0
75784982	0	1	0
75886372	0	3	0
75899046	0	3	0
75940899	0	2	0
75972441	0	1	0
75975642	0	1	0
76083363	0	1	0
76123134	0	1	0
76188894	0	1	0
76208512	0	1	0
76321844	0	3	0
76363613	0	2	0
76407613	0	2	0
76462117	0	2	0
76482579	0	1	0
76514876	0	1	0
76515409	0	1	0
76587925	0	1	0
76657606	0	1	0
76690096	0	1	0
76690508	0	1	0
76772617	0	1	0
76772630	0	1	0
76878353	0	1	0
76893777	0	1	0
76975174	0	1	0
76994916	0	1	0
77007452	0	2	0
77010570	0	3	0
77117570	0	1	0
77121790	0	1	0
77166601	0	3	0
77171072	0	1	0
77197716	0	1	0
77208317	0	1	0
77213587	0	1	0
77294733	0	5	0
77321059	0	1	0
77349946	0	1	0
77451436	0	1	0
77454959	0	4	0
77460759	0	4	0
77465655	0	1	0
77488748	0	3	0
77535081	0	0	1
77538622	0	2	0
77557147	0	2	0
77571188	0	1	0
77614635	0	2	0
77615368	0	3	0
77641729	0	1	0
77645006	0	1	0
77648510	0	2	0
77741712	0	4	0
77756823	0	4	0
77850254	0	3	0
77870735	0	1	0
77939157	0	1	0
78013370	0	1	0
78015294	0	1	0
78121839	0	0	1
78186742	0	1	0
78209079	0	1	0
78369733	0	1	0
78475280	0	1	0
78475292	0	2	0
78475305	0	1	0
78475373	0	1	0
78475376	0	1	0
78475380	0	1	0
78475395	0	1	0
78475402	0	1	0
78475426	0	1	0
78475435	0	1	0
78475474	0	1	0
78488965	0	1	0
78640328	0	1	0
78692821	0	1	0
78718587	0	0	1
78725318	0	1	0
78820570	0	1	0
78928381	0	1	0
78964626	0	1	0
79009359	0	1	0
79282328	0	1	0
79286713	0	1	0
79325976	0	3	0
79346713	0	0	1
79381075	0	1	0
79426071	0	3	0
79426556	0	1	0
79470855	0	1	0
79523349	0	2	0
79610576	0	1	0
79703696	0	1	0
79703758	0	1	0
79703868	0	1	0
79741508	0	1	0
79765809	0	6	0
79846206	0	1	0
79882962	0	0	1
79978772	0	5	0
80054180	0	1	0
80059195	0	1	0
80169798	0	4	0
80270544	0	1	0
80281435	0	1	0
80281572	0	1	0
80327628	0	1	0
80437602	0	1	0
80451956	0	2	0
80452889	0	1	0
80515789	0	1	0
80587193	0	2	0
80622363	0	1	0
80675815	0	1	0
80747166	0	1	0
80899374	0	1	0
80933395	0	1	0
80942157	0	1	0
80945297	0	1	0
81032554	0	1	0
81196402	0	1	0
81208945	0	2	0
81208952	0	1	0
81268447	0	2	0
81413465	0	1	0
81432412	0	0	1
81474162	0	1	0
81493733	0	1	0
81504624	0	1	0
81504886	0	2	0
81591691	0	2	0
81628627	0	5	0
81721465	0	1	0
81766296	0	7	0
81791335	0	1	0
81799293	0	1	0
81936121	0	3	0
82039118	0	3	0
82039838	0	1	0
82217425	0	1	0
82268076	0	1	0
82399768	0	1	0
82402364	0	1	0
82498839	0	1	0
82576694	0	1	0
82578109	0	1	0
82684779	0	1	0
82696061	0	1	0
82746759	0	1	0
82774803	0	1	0
82800417	0	1	0
82812560	0	1	0
82878196	0	2	0
82893471	0	1	0
82894656	0	1	0
82905907	0	2	0
82963972	0	1	0
83018291	0	1	0
83151596	0	1	0
83161174	0	2	0
83268373	0	1	0
83321137	0	1	0
83422795	0	2	0
83427284	0	1	0
83470826	0	5	0
83502786	0	2	0
83503794	0	1	0
83553028	0	1	0
83561405	0	1	0
83565840	0	1	0
83636867	0	1	0
83642230	0	2	0
83700538	0	1	0
83753110	0	1	0
83911835	0	4	0
84027236	0	6	0
84058557	0	1	0
84083562	0	1	0
84172140	0	3	0
84216840	0	1	0
84283657	0	1	0
84375958	0	1	0
84433972	0	1	0
84437082	0	3	0
84560449	0	1	0
84566039	0	1	0
84655950	0	1	0
84672456	0	5	0
84693691	0	2	0
84747407	0	1	0
84771983	0	1	0
84829264	0	1	0
84843397	0	0	1
85033459	0	1	0
85087506	0	1	0
85132859	0	1	0
85223007	0	2	0
85254347	0	1	0
85260114	0	1	0
85397066	0	1	0
85413229	0	1	0
85419834	0	1	0
85423304	0	0	1
85435167	0	1	0
85497396	0	3	0
85514790	0	1	0
85558833	0	2	0
85577548	0	1	0
85592180	0	1	0
85647765	0	1	0
85870229	0	1	0
85905074	0	1	0
85929426	0	6	0
85984704	0	1	0
86099735	0	1	0
86124846	0	3	0
86155952	0	1	0
86173447	0	1	0
86201737	0	3	0
86258620	0	2	0
86487418	0	7	0
86762006	0	1	0
86766838	0	2	0
86874671	0	1	0
86898488	0	1	0
86917240	0	3	0
87044453	0	1	0
87389703	0	2	0
87410194	0	1	0
87496750	0	1	0
87581288	0	1	0
87594012	0	1	0
87612441	0	1	0
87671736	0	1	0
87683624	0	1	0
87773356	0	3	0
87784597	0	1	0
87872635	0	2	0
87902239	0	1	0
88069961	0	0	1
88133430	0	1	0
88175615	0	1	0
88407687	0	1	0
88476987	0	1	0
88520203	0	1	0
88571684	0	4	0
88617702	0	1	0
88694745	0	2	0
88808221	0	0	1
88928547	0	1	0
88948897	0	3	0
89064436	0	2	0
89101292	0	1	0
89170604	0	1	0
89172018	0	1	0
89192613	0	1	0
89224003	0	1	0
89256650	0	1	0
89257135	0	1	0
89262458	0	1	0
89472013	0	1	0
89494359	0	1	0
89695335	0	1	0
89712783	0	5	0
89732389	0	2	0
89835545	0	3	0
89854008	0	1	0
89879790	0	2	0
89935992	0	1	0
90000495	0	1	0
90079771	0	1	0
90224268	0	1	0
90259925	0	1	0
90323124	0	1	0
90442994	0	1	0
90475619	0	1	0
90486816	0	5	0
90492675	0	1	0
90555638	0	1	0
90648739	0	1	0
90695238	0	1	0
90713884	0	1	0
90789034	0	3	0
90814775	0	4	0
90846617	0	1	0
90860791	0	1	0
90927712	0	1	0
91062004	0	1	0
91153006	0	2	0
91415023	0	1	0
91477639	0	1	0
91489068	0	2	0
91514810	0	1	0
91528314	0	1	0
91641236	0	1	0
91714732	0	1	0
91730556	0	1	0
91791856	0	0	1
91896297	0	1	0
92081019	0	2	0
92135030	0	1	0
92195757	0	4	0
92286316	0	1	0
92546807	0	3	0
92709665	0	1	0
92818059	0	2	0
92837645	0	5	0
92867508	0	2	0
92913929	0	1	0
92947535	0	2	0
92988709	0	1	0
93137957	0	1	0
93197724	0	1	0
93201300	0	1	0
93216931	0	4	0
93228310	0	2	0
93309289	0	1	0
93351227	0	5	0
93356198	0	1	0
93489825	0	1	0
93496087	0	3	0
93551688	0	1	0
93708380	0	1	0
93754381	0	11	0
93833643	0	1	0
93905889	0	2	0
93932033	0	2	0
93997504	0	2	0
94007701	0	1	0
94040551	0	1	0
94151226	0	1	0
94172807	0	1	0
94285999	0	5	0
94317685	0	1	0
94342519	0	1	0
94365977	0	1	0
94438048	0	9	0
94516372	0	1	0
94589086	0	1	0
94639354	0	1	0
94645204	0	4	0
94650974	0	1	0
94653495	0	1	0
94736734	0	1	0
94856430	0	1	0
94911226	0	1	0
94935430	0	2	0
95058065	0	1	0
95124748	0	1	0
95192531	0	1	0
95205690	0	1	0
95264887	0	2	0
95331132	0	1	0
95504000	0	1	0
95870819	0	1	0
95900728	0	1	0
95985902	0	3	0
96013100	0	2	0
96094717	0	1	0
96201662	0	2	0
96389328	0	1	0
96577688	0	2	0
96873697	0	2	0
96880029	0	1	0
97006099	0	1	0
97007941	0	1	0
97073968	0	0	1
97284003	0	1	0
97435347	0	2	0
97558789	0	0	1
97562825	0	1	0
97629378	0	1	0
97681802	0	1	0
97753004	0	2	0
97800183	0	1	0
97825272	0	1	0
98025058	0	1	0
98073665	0	1	0
98180890	0	1	0
98216519	0	1	0
98291861	0	3	0
98715553	0	3	0
98729248	0	1	0
98788717	0	1	0
98884827	0	1	0
98943483	0	1	0
99014062	0	1	0
99326637	0	1	0
99448102	0	1	0
99489399	0	1	0
99763020	0	2	0
99853830	0	3	0
99869829	0	2	0
99999170	0	0	1
100005255	0	1	0
100153321	0	1	0
100432321	0	1	0
100766874	0	1	0
100769415	0	1	0
100867937	0	2	0
100871826	0	4	0
100886620	0	2	0
100935950	0	1	0
100989575	0	1	0
101051551	0	1	0
101159789	0	1	0
101188918	0	1	0
101241455	0	1	0
101364890	0	1	0
101418836	0	1	0
101489133	0	2	0
101541003	0	3	0
101581423	0	1	0
101630364	0	3	0
101696719	0	3	0
101725904	0	1	0
101745049	0	2	0
101946437	0	1	0
102001978	0	3	0
102141395	0	1	0
102170288	0	4	0
102179416	0	1	0
102354391	0	1	0
102463768	0	2	0
102494748	0	1	0
102825629	0	1	0
102887994	0	3	0
102963017	0	2	0
103115966	0	1	0
103355038	0	2	0
103377587	0	3	0
103378464	0	1	0
103378844	0	1	0
103391415	0	1	0
103455506	0	1	0
103512749	0	1	0
103773194	0	1	0
103842274	0	2	0
103900936	0	1	0
105943023	0	0	1
112576688	0	0	1
113854720	0	0	1
125897013	0	0	1
137257855	0	0	1
143475951	0	0	1

